0.000000000000000 0.200923878108281 0.361171868295469 0.475046303373281 0.203535308516719 0.399283791306562 0.521922320278125 0.541092822207031 0.440167341384063 0.506854765625000 0.524744704910156 0.543348508539688 0.245278987183750 0.471069566538594 0.541221864375156
0.000000000000000 0.000000000000000 0.174100585646406 0.264126486172656 0.055597512685000 0.171160372471562 0.299801904601875 0.421835896411719 0.254052255955469 0.405357037704531 0.403382887310000 0.473263957601094 0.113033905444687 0.297376277572969 0.480638614113125
0.000000000000000 0.000000000000000 0.000000000000000 0.062274052193438 0.258872582432344 0.057295115017969 0.153783200971563 0.300681971996250 0.157021151243125 0.217677586664688 0.261572609955313 0.396074733301406 0.315947676825625 0.210961966302344 0.388043877515938
0.000000000000000 0.000000000000000 0.000000000000000 0.000000000000000 0.421192046337969 0.195993539602656 0.100665133233437 0.125638333711719 0.227890032554844 0.192227761110938 0.254320645938125 0.208279151931094 0.408961944304063 0.241413619711875 0.244682150507031
0.000000000000000 0.000000000000000 0.000000000000000 0.000000000000000 0.000000000000000 0.196115898084844 0.429121728557031 0.446555546612500 0.217760065820781 0.466235190933281 0.434683904009063 0.451375078050000 0.086616652224375 0.260630226715625 0.496009004962656
0.000000000000000 0.000000000000000 0.000000000000000 0.000000000000000 0.000000000000000 0.000000000000000 0.088779095474062 0.158447975385781 0.083960259867656 0.166064402822500 0.237120448280625 0.266836367240625 0.250359203999531 0.088452701601875 0.311601039682969
0.000000000000000 0.000000000000000 0.000000000000000 0.000000000000000 0.000000000000000 0.000000000000000 0.000000000000000 0.054508080115938 0.162500505630937 0.038753400324844 0.082187988370313 0.125404382047344 0.421040006042500 0.181447477227656 0.165365824448906
0.000000000000000 0.000000000000000 0.000000000000000 0.000000000000000 0.000000000000000 0.000000000000000 0.000000000000000 0.000000000000000 0.313690519876094 0.099430901200312 0.033763351478594 0.066692072269062 0.491885890943281 0.246479000598594 0.065593567463125
0.000000000000000 0.000000000000000 0.000000000000000 0.000000000000000 0.000000000000000 0.000000000000000 0.000000000000000 0.000000000000000 0.000000000000000 0.104321474692500 0.215015286437656 0.289007008265625 0.211055321638281 0.052292616047344 0.332403082901094
0.000000000000000 0.000000000000000 0.000000000000000 0.000000000000000 0.000000000000000 0.000000000000000 0.000000000000000 0.000000000000000 0.000000000000000 0.000000000000000 0.042370196813750 0.108486165563750 0.448431695359375 0.035874591926875 0.117754418092187
0.000000000000000 0.000000000000000 0.000000000000000 0.000000000000000 0.000000000000000 0.000000000000000 0.000000000000000 0.000000000000000 0.000000000000000 0.000000000000000 0.000000000000000 0.016600989250625 0.511052880075156 0.193978038921875 0.024155215497969
0.000000000000000 0.000000000000000 0.000000000000000 0.000000000000000 0.000000000000000 0.000000000000000 0.000000000000000 0.000000000000000 0.000000000000000 0.000000000000000 0.000000000000000 0.000000000000000 0.524471325677813 0.412948535370313 0.014326386404688
0.000000000000000 0.000000000000000 0.000000000000000 0.000000000000000 0.000000000000000 0.000000000000000 0.000000000000000 0.000000000000000 0.000000000000000 0.000000000000000 0.000000000000000 0.000000000000000 0.000000000000000 0.263919840128750 0.426050324616719
0.000000000000000 0.000000000000000 0.000000000000000 0.000000000000000 0.000000000000000 0.000000000000000 0.000000000000000 0.000000000000000 0.000000000000000 0.000000000000000 0.000000000000000 0.000000000000000 0.000000000000000 0.000000000000000 0.259626441788594
0.000000000000000 0.000000000000000 0.000000000000000 0.000000000000000 0.000000000000000 0.000000000000000 0.000000000000000 0.000000000000000 0.000000000000000 0.000000000000000 0.000000000000000 0.000000000000000 0.000000000000000 0.000000000000000 0.000000000000000
