-0.000000000000000 0.526808255629849 0.411066995998030 0.258204934729849 0.025727119388939 0.303934131202576 0.446247185111666 0.404548491570758 0.303088223179849 0.322594124057121 0.260394307007121 0.457194193388939 0.122111902920758 0.531933536507121 0.351603940198030 0.326475349102575
-0.000000000000000 -0.000000000000000 0.112757045207121 0.245167815707121 0.520986344616213 0.391113408352576 0.059862326575303 0.179136606352576 0.345583175616212 0.407832641793485 0.488095193261666 0.390416631325303 0.447292093593485 0.244471185570758 0.218496576284394 0.237504920929849
-0.000000000000000 -0.000000000000000 -0.000000000000000 0.358769462357121 0.384097200802576 0.333591001798030 0.265071864393485 0.399871044352575 0.272684999875303 0.291792679498030 0.175952011443485 0.527256089288939 0.328266830629849 0.305526465379849 0.054140117766213 0.200881675525303
-0.000000000000000 -0.000000000000000 -0.000000000000000 -0.000000000000000 0.369069673238939 0.381808236488939 0.156147554793485 0.145648270007121 0.291096196252576 0.358172277366212 0.434752567525303 0.220138633034394 0.280198763657121 0.301346574393485 0.269500441688939 0.083846564043485
-0.000000000000000 -0.000000000000000 -0.000000000000000 -0.000000000000000 -0.000000000000000 0.376384399838939 0.432314435493485 0.462220065843485 0.399174450938939 0.261339770343485 0.109373413116213 0.562386629275303 0.192322893093485 0.550842215670758 0.306223095516213 0.339811097343485
-0.000000000000000 -0.000000000000000 -0.000000000000000 -0.000000000000000 -0.000000000000000 -0.000000000000000 0.336277967029849 0.422213188348030 0.127983573229849 0.034186346507121 0.249695985038939 0.495559234470758 0.403702510102576 0.483915338998030 0.349414641366212 0.309208726688939
-0.000000000000000 -0.000000000000000 -0.000000000000000 -0.000000000000000 -0.000000000000000 -0.000000000000000 -0.000000000000000 0.108477709075303 0.236410142984394 0.255667173938939 0.397084487084394 0.310950265307121 0.245118129857122 0.223223746075303 0.163910004884394 0.136790931802576
-0.000000000000000 -0.000000000000000 -0.000000000000000 -0.000000000000000 -0.000000000000000 -0.000000000000000 -0.000000000000000 -0.000000000000000 0.233325029943485 0.401911175466212 0.478143297448030 0.197249136788939 0.251238596643485 0.311099616638939 0.363795298088939 0.181773885734394
-0.000000000000000 -0.000000000000000 -0.000000000000000 -0.000000000000000 -0.000000000000000 -0.000000000000000 -0.000000000000000 -0.000000000000000 -0.000000000000000 -0.004327752124697 0.224965321416213 0.368323357252575 0.141070304657121 0.447988687007121 0.283333599270758 0.315428638620758
-0.000000000000000 -0.000000000000000 -0.000000000000000 -0.000000000000000 -0.000000000000000 -0.000000000000000 -0.000000000000000 -0.000000000000000 -0.000000000000000 -0.000000000000000 0.118479400907121 0.510039226170758 0.252134263961667 0.486104747998030 0.338766005248030 0.359963575279849
-0.000000000000000 -0.000000000000000 -0.000000000000000 -0.000000000000000 -0.000000000000000 -0.000000000000000 -0.000000000000000 -0.000000000000000 -0.000000000000000 -0.000000000000000 -0.000000000000000 0.546911157884394 0.387032999234394 0.478939336007122 0.321101418638939 0.411315792475303
-0.000000000000000 -0.000000000000000 -0.000000000000000 -0.000000000000000 -0.000000000000000 -0.000000000000000 -0.000000000000000 -0.000000000000000 -0.000000000000000 -0.000000000000000 -0.000000000000000 -0.000000000000000 0.361008630652575 0.280696319888939 0.406787659866212 0.402309396720758
-0.000000000000000 -0.000000000000000 -0.000000000000000 -0.000000000000000 -0.000000000000000 -0.000000000000000 -0.000000000000000 -0.000000000000000 -0.000000000000000 -0.000000000000000 -0.000000000000000 -0.000000000000000 -0.000000000000000 0.420620964338939 0.293285495084394 0.303287333807121
-0.000000000000000 -0.000000000000000 -0.000000000000000 -0.000000000000000 -0.000000000000000 -0.000000000000000 -0.000000000000000 -0.000000000000000 -0.000000000000000 -0.000000000000000 -0.000000000000000 -0.000000000000000 -0.000000000000000 -0.000000000000000 0.170080377857121 0.203817473957121
-0.000000000000000 -0.000000000000000 -0.000000000000000 -0.000000000000000 -0.000000000000000 -0.000000000000000 -0.000000000000000 -0.000000000000000 -0.000000000000000 -0.000000000000000 -0.000000000000000 -0.000000000000000 -0.000000000000000 -0.000000000000000 -0.000000000000000 0.100217629307121
-0.000000000000000 -0.000000000000000 -0.000000000000000 -0.000000000000000 -0.000000000000000 -0.000000000000000 -0.000000000000000 -0.000000000000000 -0.000000000000000 -0.000000000000000 -0.000000000000000 -0.000000000000000 -0.000000000000000 -0.000000000000000 -0.000000000000000 -0.000000000000000
