0.000000000000000 0.731233998909091 0.645521443909091 0.308727588090909 0.556293815909091 0.434619817636364 0.639518877181818 0.419694376363636 0.471176066000000 0.348528565272728 0.452032752636364 0.703221927727272 0.711658031090910 0.602097319909091 0.489454190181818 0.701058815090909
0.000000000000000 0.000000000000000 0.257408248636364 0.489400073454546 0.633948964909091 0.695002211454546 0.527903167090909 0.624431325181818 0.510706539363636 0.471338216636364 0.624377168545454 0.443326145454546 0.668774635363636 0.262058775181818 0.398874522000000 0.623133521454546
0.000000000000000 0.000000000000000 0.000000000000000 0.654281928363636 0.628324736363636 0.473879787181818 0.313324237363636 0.773089935090910 0.291206579272728 0.612209764727272 0.636814996363636 0.415151883727272 0.391249650727272 0.301102716818182 0.418180185545454 0.469067030181818
0.000000000000000 0.000000000000000 0.000000000000000 0.000000000000000 0.559862846000000 0.297425533090910 0.561539267272728 0.185160821363636 0.575761630090910 0.543531567090909 0.508164849090909 0.400713213636364 0.662934299090910 0.322571453090910 0.005461838454545 0.528011201000000
0.000000000000000 0.000000000000000 0.000000000000000 0.000000000000000 0.000000000000000 0.348690875545454 0.209766132818182 0.515140878363636 0.473663559727272 0.764599715000000 0.544991641181818 0.602421740909091 0.523360674454546 0.612858646636364 0.733397191363636 0.459982005000000
0.000000000000000 0.000000000000000 0.000000000000000 0.000000000000000 0.000000000000000 0.000000000000000 0.443163954909090 0.330466628636364 0.597771174454546 0.573977135000000 0.503946857272728 0.479720243181818 0.424939787818182 0.285798817636364 0.584197693545454 0.603665547636364
0.000000000000000 0.000000000000000 0.000000000000000 0.000000000000000 0.000000000000000 0.000000000000000 0.000000000000000 0.233235711363636 0.441433536636364 0.432294434636364 0.447111562636364 0.458305583727272 0.246809072545454 0.552724706000000 0.486533962181818 0.695867520363636
0.000000000000000 0.000000000000000 0.000000000000000 0.000000000000000 0.000000000000000 0.000000000000000 0.000000000000000 0.000000000000000 0.249945408272728 0.462199194454546 0.608099806818182 0.531688624181818 0.206953978636364 0.535852579090909 0.507299659909091 0.639735104636364
0.000000000000000 0.000000000000000 0.000000000000000 0.000000000000000 0.000000000000000 0.000000000000000 0.000000000000000 0.000000000000000 0.000000000000000 0.396981913181818 0.569759063363636 0.561485190454546 0.598420056363636 0.277308637454546 0.741995485272728 0.560025116363636
0.000000000000000 0.000000000000000 0.000000000000000 0.000000000000000 0.000000000000000 0.000000000000000 0.000000000000000 0.000000000000000 0.000000000000000 0.000000000000000 0.430077205272728 0.628378932909091 0.507570083909091 0.465768264454546 0.622484440000000 0.346095068545454
0.000000000000000 0.000000000000000 0.000000000000000 0.000000000000000 0.000000000000000 0.000000000000000 0.000000000000000 0.000000000000000 0.000000000000000 0.000000000000000 0.000000000000000 0.396062647181818 0.667584985272728 0.539475765818182 0.550886014363636 0.450626595727273
0.000000000000000 0.000000000000000 0.000000000000000 0.000000000000000 0.000000000000000 0.000000000000000 0.000000000000000 0.000000000000000 0.000000000000000 0.000000000000000 0.000000000000000 0.000000000000000 0.668990982545454 0.387896808181818 0.572949555727272 0.512220730181818
0.000000000000000 0.000000000000000 0.000000000000000 0.000000000000000 0.000000000000000 0.000000000000000 0.000000000000000 0.000000000000000 0.000000000000000 0.000000000000000 0.000000000000000 0.000000000000000 0.000000000000000 0.113995169909091 0.511463734545454 0.575274978636364
0.000000000000000 0.000000000000000 0.000000000000000 0.000000000000000 0.000000000000000 0.000000000000000 0.000000000000000 0.000000000000000 0.000000000000000 0.000000000000000 0.000000000000000 0.000000000000000 0.000000000000000 0.000000000000000 0.413042887818182 0.367077153363636
0.000000000000000 0.000000000000000 0.000000000000000 0.000000000000000 0.000000000000000 0.000000000000000 0.000000000000000 0.000000000000000 0.000000000000000 0.000000000000000 0.000000000000000 0.000000000000000 0.000000000000000 0.000000000000000 0.000000000000000 0.266006462727272
0.000000000000000 0.000000000000000 0.000000000000000 0.000000000000000 0.000000000000000 0.000000000000000 0.000000000000000 0.000000000000000 0.000000000000000 0.000000000000000 0.000000000000000 0.000000000000000 0.000000000000000 0.000000000000000 0.000000000000000 0.000000000000000
