0.000000000000000 0.135273312000000 0.128427690000000 0.057062772000000 0.023292210000000 0.183006630000000 0.160533984000000 0.078424230000000 0.159294582000000 0.071332236000000 0.206663370000000 0.183220320000000 0.173674662000000 0.146601396000000 0.137058252000000 0.151684704000000
0.000000000000000 0.000000000000000 0.206877060000000 0.122220624000000 0.048070194000000 0.128027964000000 0.138305196000000 0.160594320000000 0.073416342000000 0.111586404000000 0.068941422000000 0.150264294000000 0.162198252000000 0.109771296000000 0.125337984000000 0.172558446000000
0.000000000000000 0.000000000000000 0.000000000000000 0.069300924000000 0.191094168000000 0.144233208000000 0.138360504000000 0.206301354000000 0.203573664000000 0.060064488000000 0.155199276000000 0.187670100000000 0.202877286000000 0.144904446000000 0.191732724000000 0.076058556000000
0.000000000000000 0.000000000000000 0.000000000000000 0.000000000000000 0.126182688000000 0.027017958000000 0.172862640000000 0.053827254000000 0.101590740000000 0.097922814000000 0.064217616000000 0.190337454000000 0.146722068000000 0.189759234000000 0.048585564000000 0.177191748000000
0.000000000000000 0.000000000000000 0.000000000000000 0.000000000000000 0.000000000000000 0.053188698000000 0.203452992000000 0.167437428000000 0.157200420000000 0.192698100000000 0.144932100000000 0.121217538000000 0.172804818000000 0.030047328000000 0.083869554000000 0.039014766000000
0.000000000000000 0.000000000000000 0.000000000000000 0.000000000000000 0.000000000000000 0.000000000000000 0.178677522000000 0.138878388000000 0.134969118000000 0.187215066000000 0.065328804000000 0.128696688000000 0.186249690000000 0.066452562000000 0.186853050000000 0.081388236000000
0.000000000000000 0.000000000000000 0.000000000000000 0.000000000000000 0.000000000000000 0.000000000000000 0.000000000000000 0.029773302000000 0.109979958000000 0.156413538000000 0.138878388000000 0.105706158000000 0.061515066000000 0.061457244000000 0.182644614000000 0.115279470000000
0.000000000000000 0.000000000000000 0.000000000000000 0.000000000000000 0.000000000000000 0.000000000000000 0.000000000000000 0.000000000000000 0.086534394000000 0.145658646000000 0.062244126000000 0.129883296000000 0.168284646000000 0.149748924000000 0.168498336000000 0.124307244000000
0.000000000000000 0.000000000000000 0.000000000000000 0.000000000000000 0.000000000000000 0.000000000000000 0.000000000000000 0.000000000000000 0.000000000000000 0.074359092000000 0.031377234000000 0.161320866000000 0.060728184000000 0.089292252000000 0.188130162000000 0.190455612000000
0.000000000000000 0.000000000000000 0.000000000000000 0.000000000000000 0.000000000000000 0.000000000000000 0.000000000000000 0.000000000000000 0.000000000000000 0.000000000000000 0.117609948000000 0.176161008000000 0.121370892000000 0.073479192000000 0.143086824000000 0.162897144000000
0.000000000000000 0.000000000000000 0.000000000000000 0.000000000000000 0.000000000000000 0.000000000000000 0.000000000000000 0.000000000000000 0.000000000000000 0.000000000000000 0.000000000000000 0.197638110000000 0.006083880000000 0.181644042000000 0.143144646000000 0.049367418000000
0.000000000000000 0.000000000000000 0.000000000000000 0.000000000000000 0.000000000000000 0.000000000000000 0.000000000000000 0.000000000000000 0.000000000000000 0.000000000000000 0.000000000000000 0.000000000000000 0.153628026000000 0.147843312000000 0.052700982000000 0.181279512000000
0.000000000000000 0.000000000000000 0.000000000000000 0.000000000000000 0.000000000000000 0.000000000000000 0.000000000000000 0.000000000000000 0.000000000000000 0.000000000000000 0.000000000000000 0.000000000000000 0.000000000000000 0.105401964000000 0.120609150000000 0.098983722000000
0.000000000000000 0.000000000000000 0.000000000000000 0.000000000000000 0.000000000000000 0.000000000000000 0.000000000000000 0.000000000000000 0.000000000000000 0.000000000000000 0.000000000000000 0.000000000000000 0.000000000000000 0.000000000000000 0.137910498000000 0.105919848000000
0.000000000000000 0.000000000000000 0.000000000000000 0.000000000000000 0.000000000000000 0.000000000000000 0.000000000000000 0.000000000000000 0.000000000000000 0.000000000000000 0.000000000000000 0.000000000000000 0.000000000000000 0.000000000000000 0.000000000000000 0.069936966000000
0.000000000000000 0.000000000000000 0.000000000000000 0.000000000000000 0.000000000000000 0.000000000000000 0.000000000000000 0.000000000000000 0.000000000000000 0.000000000000000 0.000000000000000 0.000000000000000 0.000000000000000 0.000000000000000 0.000000000000000 0.000000000000000
