0.000000000000000 0.480500080160000 0.586475222160000 0.370397682160000 0.338574366160000 0.462729950160000 0.384782738160000 0.271289232160000 0.141479790160000 0.417004298160000 0.389615972160000 0.320876644160000 0.390430562160000 0.378320324160000 0.378784942160000 0.328714810160000
0.000000000000000 0.000000000000000 0.327996764160000 0.487113344160000 0.558290408160000 0.572572886160000 0.350690638160000 0.403101962160000 0.482599912160000 0.575891586160000 0.449726680160000 0.516685978160000 0.440838598160000 0.435251114160000 0.551984878160000 0.454330622160000
0.000000000000000 0.000000000000000 0.000000000000000 0.595278828160000 0.585672700160000 0.618551966160000 0.459423318160000 0.597058858160000 0.543585550160000 0.573224558160000 0.590994688160000 0.563292594160000 0.587609614160000 0.589950806160000 0.575324390160000 0.600932686160000
0.000000000000000 0.000000000000000 0.000000000000000 0.000000000000000 0.224755024160000 0.411766786160000 0.397544648160000 0.252541594160000 0.399397086160000 0.249651308160000 0.152304786160000 0.263445032160000 0.092112015760000 0.251419270160000 0.264657866160000 0.227838398160000
0.000000000000000 0.000000000000000 0.000000000000000 0.000000000000000 0.000000000000000 0.353273190160000 0.471364604160000 0.370789892160000 0.416998264160000 0.115222235760000 0.323453162160000 0.157560400160000 0.301091158160000 0.347794318160000 0.212475834160000 0.195429784160000
0.000000000000000 0.000000000000000 0.000000000000000 0.000000000000000 0.000000000000000 0.000000000000000 0.533158798160000 0.453359148160000 0.451651526160000 0.312887628160000 0.435504542160000 0.391082234160000 0.435015788160000 0.452876428160000 0.340752640160000 0.426375100160000
0.000000000000000 0.000000000000000 0.000000000000000 0.000000000000000 0.000000000000000 0.000000000000000 0.000000000000000 0.418850702160000 0.299148210160000 0.460225840160000 0.453202264160000 0.422990026160000 0.411766786160000 0.475974580160000 0.469675084160000 0.376473920160000
0.000000000000000 0.000000000000000 0.000000000000000 0.000000000000000 0.000000000000000 0.000000000000000 0.000000000000000 0.000000000000000 0.339545840160000 0.415550104160000 0.186390852160000 0.335092748160000 0.245186148160000 0.281468590160000 0.338013204160000 0.290984208160000
0.000000000000000 0.000000000000000 0.000000000000000 0.000000000000000 0.000000000000000 0.000000000000000 0.000000000000000 0.000000000000000 0.000000000000000 0.397460172160000 0.425819972160000 0.364025778160000 0.454415098160000 0.479124328160000 0.351656078160000 0.398673006160000
0.000000000000000 0.000000000000000 0.000000000000000 0.000000000000000 0.000000000000000 0.000000000000000 0.000000000000000 0.000000000000000 0.000000000000000 0.000000000000000 0.415634580160000 0.214340340160000 0.287840494160000 0.389622006160000 0.251419270160000 0.332836032160000
0.000000000000000 0.000000000000000 0.000000000000000 0.000000000000000 0.000000000000000 0.000000000000000 0.000000000000000 0.000000000000000 0.000000000000000 0.000000000000000 0.000000000000000 0.310467994160000 0.132841515760000 0.153752946160000 0.234614580160000 0.253199300160000
0.000000000000000 0.000000000000000 0.000000000000000 0.000000000000000 0.000000000000000 0.000000000000000 0.000000000000000 0.000000000000000 0.000000000000000 0.000000000000000 0.000000000000000 0.000000000000000 0.306026970160000 0.402951112160000 0.187187340160000 0.187362326160000
0.000000000000000 0.000000000000000 0.000000000000000 0.000000000000000 0.000000000000000 0.000000000000000 0.000000000000000 0.000000000000000 0.000000000000000 0.000000000000000 0.000000000000000 0.000000000000000 0.000000000000000 0.158435330160000 0.269195434160000 0.278729154160000
0.000000000000000 0.000000000000000 0.000000000000000 0.000000000000000 0.000000000000000 0.000000000000000 0.000000000000000 0.000000000000000 0.000000000000000 0.000000000000000 0.000000000000000 0.000000000000000 0.000000000000000 0.000000000000000 0.379207322160000 0.323404890160000
0.000000000000000 0.000000000000000 0.000000000000000 0.000000000000000 0.000000000000000 0.000000000000000 0.000000000000000 0.000000000000000 0.000000000000000 0.000000000000000 0.000000000000000 0.000000000000000 0.000000000000000 0.000000000000000 0.000000000000000 0.269026482160000
0.000000000000000 0.000000000000000 0.000000000000000 0.000000000000000 0.000000000000000 0.000000000000000 0.000000000000000 0.000000000000000 0.000000000000000 0.000000000000000 0.000000000000000 0.000000000000000 0.000000000000000 0.000000000000000 0.000000000000000 0.000000000000000
