0.000000000000000 0.542700756083334 0.462710870527778 0.378774014972222 0.148615689416666 0.504352933861111 0.442547667194445 0.338967751638889 0.394245729416666 0.243740726083334 0.788330796083334 0.433572644972222 0.639274034972222 0.350135534972222 0.559161762750000 0.180181250527778
0.000000000000000 0.000000000000000 0.702190980527778 0.431237099416666 0.371022859416666 0.467861309416666 0.554857831638889 0.595908359416667 0.457305459416666 0.263638758305555 0.164474961638889 0.612848713861111 0.486912833861111 0.383924453861111 0.588779336083334 0.613725818305555
0.000000000000000 0.000000000000000 0.000000000000000 0.318794349416666 0.777265001638889 0.455551250527778 0.547739007194445 0.737836097194445 0.792879500527778 0.262527079416666 0.532134707194445 0.482364129416666 0.739182350527778 0.682282749416666 0.553756351638889 0.272481194972222
0.000000000000000 0.000000000000000 0.000000000000000 0.000000000000000 0.259814174972222 0.133378549416667 0.468350856083334 0.393643994972222 0.231318479416666 0.267555131638889 0.476346784972222 0.706484712750000 0.670237861638889 0.458641513861111 0.306902444972222 0.330227303861111
0.000000000000000 0.000000000000000 0.000000000000000 0.000000000000000 0.000000000000000 0.474245813861111 0.807361922750000 0.454959714972222 0.482486516083334 0.736714219416666 0.283914149416666 0.218049724972222 0.417234024972222 0.077967986083333 0.251226710527778 0.131053202750000
0.000000000000000 0.000000000000000 0.000000000000000 0.000000000000000 0.000000000000000 0.000000000000000 0.509523770527778 0.561629893861111 0.523659430527778 0.643068021638889 0.518243820527778 0.478682330527778 0.457050487194445 0.388850517194445 0.835878016083334 0.276407767194445
0.000000000000000 0.000000000000000 0.000000000000000 0.000000000000000 0.000000000000000 0.000000000000000 0.000000000000000 0.160415803861111 0.392675100527778 0.373623576083334 0.321741828305556 0.542812943861111 0.197651947194445 0.325811184972222 0.507922544972222 0.269421528305555
0.000000000000000 0.000000000000000 0.000000000000000 0.000000000000000 0.000000000000000 0.000000000000000 0.000000000000000 0.000000000000000 0.319181907194445 0.641721768305555 0.441813347194445 0.495765469416666 0.365872420527778 0.249890656083334 0.641854353861111 0.404689391638889
0.000000000000000 0.000000000000000 0.000000000000000 0.000000000000000 0.000000000000000 0.000000000000000 0.000000000000000 0.000000000000000 0.000000000000000 0.305902953861111 0.284515883861111 0.411706227194445 0.292756586083334 0.256152773861111 0.713124189416666 0.621089416083334
0.000000000000000 0.000000000000000 0.000000000000000 0.000000000000000 0.000000000000000 0.000000000000000 0.000000000000000 0.000000000000000 0.000000000000000 0.000000000000000 0.416132544972222 0.788942729416666 0.467371762750000 0.287493959416666 0.360701583861111 0.458651712750000
0.000000000000000 0.000000000000000 0.000000000000000 0.000000000000000 0.000000000000000 0.000000000000000 0.000000000000000 0.000000000000000 0.000000000000000 0.000000000000000 0.000000000000000 0.784026864972222 0.065300966083333 0.779355773861111 0.628208240527778 0.130686042750000
0.000000000000000 0.000000000000000 0.000000000000000 0.000000000000000 0.000000000000000 0.000000000000000 0.000000000000000 0.000000000000000 0.000000000000000 0.000000000000000 0.000000000000000 0.000000000000000 0.361068743861111 0.707841164972222 0.132277069416667 0.601181184972223
0.000000000000000 0.000000000000000 0.000000000000000 0.000000000000000 0.000000000000000 0.000000000000000 0.000000000000000 0.000000000000000 0.000000000000000 0.000000000000000 0.000000000000000 0.000000000000000 0.000000000000000 0.274806541638889 0.295704064972222 0.419202410527778
0.000000000000000 0.000000000000000 0.000000000000000 0.000000000000000 0.000000000000000 0.000000000000000 0.000000000000000 0.000000000000000 0.000000000000000 0.000000000000000 0.000000000000000 0.000000000000000 0.000000000000000 0.000000000000000 0.530043934972222 0.441435988305555
0.000000000000000 0.000000000000000 0.000000000000000 0.000000000000000 0.000000000000000 0.000000000000000 0.000000000000000 0.000000000000000 0.000000000000000 0.000000000000000 0.000000000000000 0.000000000000000 0.000000000000000 0.000000000000000 0.000000000000000 0.272848354972222
0.000000000000000 0.000000000000000 0.000000000000000 0.000000000000000 0.000000000000000 0.000000000000000 0.000000000000000 0.000000000000000 0.000000000000000 0.000000000000000 0.000000000000000 0.000000000000000 0.000000000000000 0.000000000000000 0.000000000000000 0.000000000000000
