-0.000000000000000 0.114396732852595 0.057507138287889 0.381226029346713 0.297519248805537 0.256550038711418 0.480570765934948 0.487575803652595 0.371886011699654 0.401816765393772 0.227822151982007 0.127274646358477 0.314784057205537 0.137817726829066 0.382145929276125 0.521822698240830 0.319524917958477
-0.000000000000000 -0.000000000000000 0.089348347911418 0.467551099605537 0.360069359229066 0.338983443111418 0.375990037487889 0.481207551934948 0.348394312687889 0.435780595017301 0.362970518052595 0.186216302782007 0.192796816499654 0.133501536970242 0.082980096193772 0.557343556546713 0.312590585276125
-0.000000000000000 -0.000000000000000 -0.000000000000000 0.401958175464360 0.242469160311418 0.181051064923183 0.389787899887889 0.506680460876125 0.283013650546713 0.429412588123184 0.269428099111418 0.055101355393772 0.257894462640830 0.074842994476125 0.249544952029066 0.474273170287889 0.182890766852595
-0.000000000000000 -0.000000000000000 -0.000000000000000 -0.000000000000000 0.070597362758478 0.335516203323183 0.589326127276125 0.473494827323183 0.447880361417301 0.551682697934948 0.198811347182007 0.339337360005537 0.418586442687889 0.424034745511418 0.467905016499654 0.592651761134948 0.406486823182007
-0.000000000000000 -0.000000000000000 -0.000000000000000 -0.000000000000000 -0.000000000000000 0.238719051417301 0.511421223699654 0.432242748123184 0.369480326734948 0.455451578029066 0.059629856217301 0.201641654076125 0.428421885229066 0.313368977205537 0.433374959017301 0.517435754382007 0.283013650546713
-0.000000000000000 -0.000000000000000 -0.000000000000000 -0.000000000000000 -0.000000000000000 -0.000000000000000 0.549276915040830 0.315137925134948 0.382358142311418 0.390707799817301 0.096424188593772 0.077460990405537 0.384480958170242 0.117439252782007 0.297731461840830 0.531870402782006 0.291292309229066
-0.000000000000000 -0.000000000000000 -0.000000000000000 -0.000000000000000 -0.000000000000000 -0.000000000000000 -0.000000000000000 0.150483427299654 0.478660261040830 0.028708644452595 0.556989541723183 0.478872523040830 0.521468977205537 0.480500011934948 0.429907768193772 0.472504271323184 0.416959002758477
-0.000000000000000 -0.000000000000000 -0.000000000000000 -0.000000000000000 -0.000000000000000 -0.000000000000000 -0.000000000000000 -0.000000000000000 0.512907155629066 0.117651563746713 0.291504620193772 0.386957397134949 0.579985962734948 0.516515903417301 0.573334695017301 0.358724935299654 0.423185648546713
-0.000000000000000 -0.000000000000000 -0.000000000000000 -0.000000000000000 -0.000000000000000 -0.000000000000000 -0.000000000000000 -0.000000000000000 -0.000000000000000 0.474202367323183 0.382641305205537 0.274451877934948 0.392759763746713 0.302472322593772 0.411227634970242 0.590104470240830 0.353064321511418
-0.000000000000000 -0.000000000000000 -0.000000000000000 -0.000000000000000 -0.000000000000000 -0.000000000000000 -0.000000000000000 -0.000000000000000 -0.000000000000000 -0.000000000000000 0.471725879393772 0.337143692217301 0.537035689605537 0.458777113958478 0.542837909323184 0.370966062805537 0.320869292923184
-0.000000000000000 -0.000000000000000 -0.000000000000000 -0.000000000000000 -0.000000000000000 -0.000000000000000 -0.000000000000000 -0.000000000000000 -0.000000000000000 -0.000000000000000 -0.000000000000000 0.160460377840830 0.427997410193772 0.316694660029066 0.361767553158478 0.602062679676125 0.300420162805537
-0.000000000000000 -0.000000000000000 -0.000000000000000 -0.000000000000000 -0.000000000000000 -0.000000000000000 -0.000000000000000 -0.000000000000000 -0.000000000000000 -0.000000000000000 -0.000000000000000 -0.000000000000000 0.303604337629066 0.151686392193772 0.307283692523183 0.518638670311418 0.213670617511418
-0.000000000000000 -0.000000000000000 -0.000000000000000 -0.000000000000000 -0.000000000000000 -0.000000000000000 -0.000000000000000 -0.000000000000000 -0.000000000000000 -0.000000000000000 -0.000000000000000 -0.000000000000000 -0.000000000000000 0.216713235370242 0.298580460876125 0.523167171134949 0.333676550358477
-0.000000000000000 -0.000000000000000 -0.000000000000000 -0.000000000000000 -0.000000000000000 -0.000000000000000 -0.000000000000000 -0.000000000000000 -0.000000000000000 -0.000000000000000 -0.000000000000000 -0.000000000000000 -0.000000000000000 -0.000000000000000 0.200438738146713 0.486868116758478 0.201995570970242
-0.000000000000000 -0.000000000000000 -0.000000000000000 -0.000000000000000 -0.000000000000000 -0.000000000000000 -0.000000000000000 -0.000000000000000 -0.000000000000000 -0.000000000000000 -0.000000000000000 -0.000000000000000 -0.000000000000000 -0.000000000000000 -0.000000000000000 0.560810600476125 0.297306741982007
-0.000000000000000 -0.000000000000000 -0.000000000000000 -0.000000000000000 -0.000000000000000 -0.000000000000000 -0.000000000000000 -0.000000000000000 -0.000000000000000 -0.000000000000000 -0.000000000000000 -0.000000000000000 -0.000000000000000 -0.000000000000000 -0.000000000000000 -0.000000000000000 0.347049888758477
-0.000000000000000 -0.000000000000000 -0.000000000000000 -0.000000000000000 -0.000000000000000 -0.000000000000000 -0.000000000000000 -0.000000000000000 -0.000000000000000 -0.000000000000000 -0.000000000000000 -0.000000000000000 -0.000000000000000 -0.000000000000000 -0.000000000000000 -0.000000000000000 -0.000000000000000
