0.000000000000000 0.556803458788235 0.602043246917647 0.612590889152941 0.653051193141176 0.715266258717647 0.611849298152941 0.660962067376471 0.687166489011765 0.634510391717647 0.725566703952941 0.696560488223529 0.853292795105882 0.548810356623530 0.827665223494118 0.646706128000000 0.797175654694118 0.809206707023530 0.755726676752941 0.585479964470588
0.000000000000000 0.000000000000000 0.248447811117647 0.219112113435294 0.542382778435294 0.410206856164706 0.534883842176471 0.669614418564706 0.671015429658824 0.434763183752941 0.258748427423529 0.386392005529412 0.788193764529412 0.527055652058824 0.841261799800000 0.723506671929412 0.653628157211765 0.549716631576471 0.565455809976471 0.332747120235294
0.000000000000000 0.000000000000000 0.000000000000000 0.146019866647059 0.710321976576471 0.679502811776471 0.524006717988235 0.592319480635294 0.470114464623530 0.588611411588235 0.439625009870588 0.565950146952941 0.676536447776471 0.561088377858824 0.799483054788235 0.712546863623530 0.696972483223530 0.713041314647059 0.502828863447059 0.622067458435294
0.000000000000000 0.000000000000000 0.000000000000000 0.000000000000000 0.613744646223529 0.448771926129412 0.432455897705882 0.625610729482353 0.585480078517647 0.467477582576471 0.353100870729412 0.512799826729412 0.735702465235294 0.493599662235294 0.823545045400000 0.798494095717647 0.626352320482353 0.744354873447059 0.436164080800000 0.535625490200000
0.000000000000000 0.000000000000000 0.000000000000000 0.000000000000000 0.000000000000000 0.369664096152941 0.483051905952941 0.509750721588235 0.649755062070588 0.469208132647059 0.693264357152941 0.386227207529412 0.898944635258823 0.794621399741177 0.794373974647059 0.888644190023529 0.816458332235294 0.520298534894118 0.806734622976471 0.682716714917647
0.000000000000000 0.000000000000000 0.000000000000000 0.000000000000000 0.000000000000000 0.000000000000000 0.279266918894118 0.541476218364706 0.432785436682353 0.285529585035294 0.428088465588235 0.245151680047059 0.885018348905882 0.752924825635294 0.838048010705882 0.890374626047059 0.823133050400000 0.429324507611765 0.746826900470588 0.537026444270588
0.000000000000000 0.000000000000000 0.000000000000000 0.000000000000000 0.000000000000000 0.000000000000000 0.000000000000000 0.434927981752941 0.434351302800000 0.320386642976471 0.538592025270588 0.481321355882353 0.878838081764706 0.700103873317647 0.817199923235294 0.909821930517647 0.793632326623529 0.571553849188235 0.709168276529412 0.673569912705882
0.000000000000000 0.000000000000000 0.000000000000000 0.000000000000000 0.000000000000000 0.000000000000000 0.000000000000000 0.000000000000000 0.384084719482353 0.380211795411765 0.757209744705882 0.724907568976471 0.830961354564706 0.688896982058824 0.763637322894118 0.814562927141177 0.870515212529412 0.554248804670588 0.722352914858824 0.809783557047059
0.000000000000000 0.000000000000000 0.000000000000000 0.000000000000000 0.000000000000000 0.000000000000000 0.000000000000000 0.000000000000000 0.000000000000000 0.444487007058824 0.700927863317647 0.630060560600000 0.816540617188235 0.743201230423529 0.676948385752941 0.835411185682353 0.845382091941177 0.572625036188235 0.767675159011765 0.819589551258824
0.000000000000000 0.000000000000000 0.000000000000000 0.000000000000000 0.000000000000000 0.000000000000000 0.000000000000000 0.000000000000000 0.000000000000000 0.000000000000000 0.556226665788235 0.429653989564706 0.906196317494118 0.718562389788235 0.811514050094118 0.901663916305882 0.789924200552941 0.340657937447059 0.688979324035294 0.596439772776471
0.000000000000000 0.000000000000000 0.000000000000000 0.000000000000000 0.000000000000000 0.000000000000000 0.000000000000000 0.000000000000000 0.000000000000000 0.000000000000000 0.000000000000000 0.182524790541176 0.740069783305882 0.579217298329412 0.824286636400000 0.789100267576471 0.693181958152941 0.663022270470588 0.406498673070588 0.296159740317647
0.000000000000000 0.000000000000000 0.000000000000000 0.000000000000000 0.000000000000000 0.000000000000000 0.000000000000000 0.000000000000000 0.000000000000000 0.000000000000000 0.000000000000000 0.000000000000000 0.819672064305882 0.723671355882353 0.562324590952941 0.881063025835294 0.727956446023529 0.506866756588235 0.660302818352941 0.562489331929412
0.000000000000000 0.000000000000000 0.000000000000000 0.000000000000000 0.000000000000000 0.000000000000000 0.000000000000000 0.000000000000000 0.000000000000000 0.000000000000000 0.000000000000000 0.000000000000000 0.000000000000000 0.527302735011765 0.498626229329412 0.677278038776471 0.715925450717647 0.882134269858824 0.648601476070588 0.804839274905882
0.000000000000000 0.000000000000000 0.000000000000000 0.000000000000000 0.000000000000000 0.000000000000000 0.000000000000000 0.000000000000000 0.000000000000000 0.000000000000000 0.000000000000000 0.000000000000000 0.000000000000000 0.000000000000000 0.828406928541176 0.396527880858824 0.429324564635294 0.821896951352941 0.583584730447059 0.492446076235294
0.000000000000000 0.000000000000000 0.000000000000000 0.000000000000000 0.000000000000000 0.000000000000000 0.000000000000000 0.000000000000000 0.000000000000000 0.000000000000000 0.000000000000000 0.000000000000000 0.000000000000000 0.000000000000000 0.000000000000000 0.836894481729412 0.847112470941177 0.619018353294118 0.709168276529412 0.865406189411765
0.000000000000000 0.000000000000000 0.000000000000000 0.000000000000000 0.000000000000000 0.000000000000000 0.000000000000000 0.000000000000000 0.000000000000000 0.000000000000000 0.000000000000000 0.000000000000000 0.000000000000000 0.000000000000000 0.000000000000000 0.000000000000000 0.487089856117647 0.888479335000000 0.748392652541177 0.569081594070588
0.000000000000000 0.000000000000000 0.000000000000000 0.000000000000000 0.000000000000000 0.000000000000000 0.000000000000000 0.000000000000000 0.000000000000000 0.000000000000000 0.000000000000000 0.000000000000000 0.000000000000000 0.000000000000000 0.000000000000000 0.000000000000000 0.000000000000000 0.714277413694118 0.639866725882353 0.614733377200000
0.000000000000000 0.000000000000000 0.000000000000000 0.000000000000000 0.000000000000000 0.000000000000000 0.000000000000000 0.000000000000000 0.000000000000000 0.000000000000000 0.000000000000000 0.000000000000000 0.000000000000000 0.000000000000000 0.000000000000000 0.000000000000000 0.000000000000000 0.000000000000000 0.775997914200000 0.637229672764706
0.000000000000000 0.000000000000000 0.000000000000000 0.000000000000000 0.000000000000000 0.000000000000000 0.000000000000000 0.000000000000000 0.000000000000000 0.000000000000000 0.000000000000000 0.000000000000000 0.000000000000000 0.000000000000000 0.000000000000000 0.000000000000000 0.000000000000000 0.000000000000000 0.000000000000000 0.613250195200000
0.000000000000000 0.000000000000000 0.000000000000000 0.000000000000000 0.000000000000000 0.000000000000000 0.000000000000000 0.000000000000000 0.000000000000000 0.000000000000000 0.000000000000000 0.000000000000000 0.000000000000000 0.000000000000000 0.000000000000000 0.000000000000000 0.000000000000000 0.000000000000000 0.000000000000000 0.000000000000000
