0.000000000000000 0.514808586600000 0.653986047646154 0.588216205500000 0.685173819576923 0.644120714469230 0.510883550700000 0.515126882353846 0.577714280815385 0.743412105900000 0.711057445292308 0.462510964592308 0.697797373384615 0.658335526823077 0.466648001907692 0.753171364961538 0.434823932100000 0.765901139700000
0.000000000000000 0.000000000000000 0.697585225153846 0.674565747369231 0.632770196861538 0.619934421415385 0.432808377092308 0.389209346400000 0.444052967400000 0.653137528130770 0.496774959276923 0.400453789892308 0.630860495746154 0.451584670038462 0.457525187538462 0.671701672846154 0.507701107015385 0.697797446792308
0.000000000000000 0.000000000000000 0.000000000000000 0.633618789784615 0.689098928884615 0.696206408469230 0.729303294253847 0.494228960284615 0.580790650384615 0.766325509569231 0.473331111623077 0.556922579676923 0.750519365261538 0.404484826500000 0.576441244615385 0.562226579076923 0.651652343700000 0.627784272992308
0.000000000000000 0.000000000000000 0.000000000000000 0.000000000000000 0.771205065692308 0.710421000600000 0.589170945946153 0.536024804423077 0.454024521507692 0.656107750176923 0.441613189338462 0.634467382707692 0.534857842338462 0.630860569153846 0.507807254538462 0.603279757592308 0.449144671753847 0.512050586192308
0.000000000000000 0.000000000000000 0.000000000000000 0.000000000000000 0.000000000000000 0.558407617292308 0.686658930600000 0.546844878046154 0.483620814669230 0.598506128769230 0.586200723900000 0.555331321130770 0.696206114838462 0.582063686584615 0.394725420623077 0.740229662215385 0.521597770430770 0.665654934415385
0.000000000000000 0.000000000000000 0.000000000000000 0.000000000000000 0.000000000000000 0.000000000000000 0.546420508176923 0.668307007523077 0.614630275200000 0.741927068284615 0.597551388323077 0.542813768030770 0.665442933000000 0.670216635230770 0.405757936107692 0.638073976038462 0.427928747561538 0.656638194161539
0.000000000000000 0.000000000000000 0.000000000000000 0.000000000000000 0.000000000000000 0.000000000000000 0.000000000000000 0.570182578176923 0.683900856784615 0.659290193861538 0.647090789700000 0.521809992069231 0.622374272884615 0.580790650384615 0.636588938423077 0.470997260861538 0.444371116338462 0.550133395846154
0.000000000000000 0.000000000000000 0.000000000000000 0.000000000000000 0.000000000000000 0.000000000000000 0.000000000000000 0.000000000000000 0.597445314207692 0.543556360246154 0.686340708253846 0.561165691107692 0.750625439376923 0.461768298969230 0.501124144823077 0.479271555715385 0.407030825492308 0.475877110615385
0.000000000000000 0.000000000000000 0.000000000000000 0.000000000000000 0.000000000000000 0.000000000000000 0.000000000000000 0.000000000000000 0.000000000000000 0.703737890884615 0.424958525515385 0.400347715776923 0.622161977838462 0.395362012130770 0.650061158561539 0.627359903123077 0.585458205092308 0.354414834323077
0.000000000000000 0.000000000000000 0.000000000000000 0.000000000000000 0.000000000000000 0.000000000000000 0.000000000000000 0.000000000000000 0.000000000000000 0.000000000000000 0.331077207600000 0.503564143107692 0.524037621900000 0.426019266669230 0.700661594723077 0.585882648369230 0.682309598238462 0.643802565530770
0.000000000000000 0.000000000000000 0.000000000000000 0.000000000000000 0.000000000000000 0.000000000000000 0.000000000000000 0.000000000000000 0.000000000000000 0.000000000000000 0.000000000000000 0.609432276507692 0.584397390530770 0.480332443684615 0.609538424030770 0.670853079923077 0.646348197484615 0.688780559723077
0.000000000000000 0.000000000000000 0.000000000000000 0.000000000000000 0.000000000000000 0.000000000000000 0.000000000000000 0.000000000000000 0.000000000000000 0.000000000000000 0.000000000000000 0.000000000000000 0.683264338684615 0.480014221338462 0.605083017553847 0.621101163276923 0.572410134600000 0.677535969415385
0.000000000000000 0.000000000000000 0.000000000000000 0.000000000000000 0.000000000000000 0.000000000000000 0.000000000000000 0.000000000000000 0.000000000000000 0.000000000000000 0.000000000000000 0.000000000000000 0.000000000000000 0.648257898600000 0.691008262961538 0.479059480892308 0.627041607369230 0.522764732515385
0.000000000000000 0.000000000000000 0.000000000000000 0.000000000000000 0.000000000000000 0.000000000000000 0.000000000000000 0.000000000000000 0.000000000000000 0.000000000000000 0.000000000000000 0.000000000000000 0.000000000000000 0.000000000000000 0.738320107915385 0.367887127869231 0.641256566538462 0.595747981546153
0.000000000000000 0.000000000000000 0.000000000000000 0.000000000000000 0.000000000000000 0.000000000000000 0.000000000000000 0.000000000000000 0.000000000000000 0.000000000000000 0.000000000000000 0.000000000000000 0.000000000000000 0.000000000000000 0.000000000000000 0.538888878946154 0.679339523007692 0.442567782969230
0.000000000000000 0.000000000000000 0.000000000000000 0.000000000000000 0.000000000000000 0.000000000000000 0.000000000000000 0.000000000000000 0.000000000000000 0.000000000000000 0.000000000000000 0.000000000000000 0.000000000000000 0.000000000000000 0.000000000000000 0.000000000000000 0.689204782776923 0.562120578369231
0.000000000000000 0.000000000000000 0.000000000000000 0.000000000000000 0.000000000000000 0.000000000000000 0.000000000000000 0.000000000000000 0.000000000000000 0.000000000000000 0.000000000000000 0.000000000000000 0.000000000000000 0.000000000000000 0.000000000000000 0.000000000000000 0.000000000000000 0.408515936515385
0.000000000000000 0.000000000000000 0.000000000000000 0.000000000000000 0.000000000000000 0.000000000000000 0.000000000000000 0.000000000000000 0.000000000000000 0.000000000000000 0.000000000000000 0.000000000000000 0.000000000000000 0.000000000000000 0.000000000000000 0.000000000000000 0.000000000000000 0.000000000000000
