-0.000000000000000 0.225535347239033 0.070953762876893 0.563943680572367 0.401006334893353 0.543054277280185 0.651679174399529 0.350871766992119 0.655857055057965 0.242246869872778 0.158689256704053 0.233891108555905 0.271492034481831 0.559765799913930 0.618256129132037 0.288203557115576 0.355049647650555 0.258958392506522
-0.000000000000000 -0.000000000000000 0.150333495387181 0.497097590037386 0.020819194975658 0.517986993329568 0.660034935716400 0.154511376045617 0.501275470695823 0.233891108555905 0.204645943946851 0.338338125016811 0.371761170284300 0.513809112671131 0.476208186745206 0.045886478926276 0.392650573576481 0.238068989214341
-0.000000000000000 -0.000000000000000 -0.000000000000000 0.434429380160844 0.380116931601173 0.476208186745206 0.609900367815164 0.317448721724629 0.605722487156728 0.279847795798704 0.217179585922160 0.263136273164958 0.238068989214341 0.555587919255494 0.559765799913930 0.296559318432448 0.300737199090884 0.225535347239033
-0.000000000000000 -0.000000000000000 -0.000000000000000 -0.000000000000000 0.355049647650555 0.062598001560020 0.221357466580596 0.396828454234918 0.271492034481831 0.488741828720514 0.530520635304876 0.488741828720514 0.208823824605288 0.183756540654671 0.133621972753436 0.463674544769897 0.108554688802818 0.421895738185535
-0.000000000000000 -0.000000000000000 -0.000000000000000 -0.000000000000000 -0.000000000000000 0.413539976868662 0.488741828720514 0.288203557115576 0.334160244358374 0.250602631189650 0.200468063288416 0.476208186745206 0.388472692918045 0.242246869872778 0.275669915140267 0.162867137362489 0.225535347239033 0.371761170284300
-0.000000000000000 -0.000000000000000 -0.000000000000000 -0.000000000000000 -0.000000000000000 -0.000000000000000 0.096021046827510 0.384294812259608 0.304915079749321 0.476208186745206 0.551410038597058 0.459496664111461 0.309092960407757 0.233891108555905 0.087665285510638 0.522164873988004 0.171222898679362 0.392650573576481
-0.000000000000000 -0.000000000000000 -0.000000000000000 -0.000000000000000 -0.000000000000000 -0.000000000000000 -0.000000000000000 0.451140902794589 0.380116931601173 0.634967651765782 0.643323413082654 0.505453351354259 0.463674544769897 0.359227528308991 0.179578659996234 0.597366725839857 0.329982363699938 0.501275470695823
-0.000000000000000 -0.000000000000000 -0.000000000000000 -0.000000000000000 -0.000000000000000 -0.000000000000000 -0.000000000000000 -0.000000000000000 0.338338125016811 0.238068989214341 0.204645943946851 0.334160244358374 0.417717857527099 0.430251499502407 0.317448721724629 0.045886478926276 0.233891108555905 0.171222898679362
-0.000000000000000 -0.000000000000000 -0.000000000000000 -0.000000000000000 -0.000000000000000 -0.000000000000000 -0.000000000000000 -0.000000000000000 -0.000000000000000 0.455318783453024 0.547232157938621 0.651679174399529 0.530520635304876 0.258958392506522 0.217179585922160 0.534698515963313 0.313270841066194 0.605722487156728
-0.000000000000000 -0.000000000000000 -0.000000000000000 -0.000000000000000 -0.000000000000000 -0.000000000000000 -0.000000000000000 -0.000000000000000 -0.000000000000000 -0.000000000000000 0.037530717609403 0.254780511848086 0.434429380160844 0.208823824605288 0.551410038597058 0.192112301971543 0.388472692918045 0.225535347239033
-0.000000000000000 -0.000000000000000 -0.000000000000000 -0.000000000000000 -0.000000000000000 -0.000000000000000 -0.000000000000000 -0.000000000000000 -0.000000000000000 -0.000000000000000 -0.000000000000000 0.258958392506522 0.488741828720514 0.346693886333683 0.593188845181419 0.238068989214341 0.455318783453024 0.271492034481831
-0.000000000000000 -0.000000000000000 -0.000000000000000 -0.000000000000000 -0.000000000000000 -0.000000000000000 -0.000000000000000 -0.000000000000000 -0.000000000000000 -0.000000000000000 -0.000000000000000 -0.000000000000000 0.513809112671132 0.576477322547675 0.522164873988004 0.300737199090884 0.421895738185535 0.171222898679362
-0.000000000000000 -0.000000000000000 -0.000000000000000 -0.000000000000000 -0.000000000000000 -0.000000000000000 -0.000000000000000 -0.000000000000000 -0.000000000000000 -0.000000000000000 -0.000000000000000 -0.000000000000000 -0.000000000000000 0.388472692918045 0.442785141477716 0.472030306086769 0.258958392506523 0.476208186745206
-0.000000000000000 -0.000000000000000 -0.000000000000000 -0.000000000000000 -0.000000000000000 -0.000000000000000 -0.000000000000000 -0.000000000000000 -0.000000000000000 -0.000000000000000 -0.000000000000000 -0.000000000000000 -0.000000000000000 -0.000000000000000 0.325804483041502 0.501275470695823 0.346693886333683 0.568121561230803
-0.000000000000000 -0.000000000000000 -0.000000000000000 -0.000000000000000 -0.000000000000000 -0.000000000000000 -0.000000000000000 -0.000000000000000 -0.000000000000000 -0.000000000000000 -0.000000000000000 -0.000000000000000 -0.000000000000000 -0.000000000000000 -0.000000000000000 0.417717857527099 0.167045018020926 0.279847795798704
-0.000000000000000 -0.000000000000000 -0.000000000000000 -0.000000000000000 -0.000000000000000 -0.000000000000000 -0.000000000000000 -0.000000000000000 -0.000000000000000 -0.000000000000000 -0.000000000000000 -0.000000000000000 -0.000000000000000 -0.000000000000000 -0.000000000000000 -0.000000000000000 0.355049647650556 0.108554688802818
-0.000000000000000 -0.000000000000000 -0.000000000000000 -0.000000000000000 -0.000000000000000 -0.000000000000000 -0.000000000000000 -0.000000000000000 -0.000000000000000 -0.000000000000000 -0.000000000000000 -0.000000000000000 -0.000000000000000 -0.000000000000000 -0.000000000000000 -0.000000000000000 -0.000000000000000 0.292381437774012
-0.000000000000000 -0.000000000000000 -0.000000000000000 -0.000000000000000 -0.000000000000000 -0.000000000000000 -0.000000000000000 -0.000000000000000 -0.000000000000000 -0.000000000000000 -0.000000000000000 -0.000000000000000 -0.000000000000000 -0.000000000000000 -0.000000000000000 -0.000000000000000 -0.000000000000000 -0.000000000000000
