-0.000000000000000 0.345568669058111 0.416921448935444 0.207790081432778 0.160808110604778 0.315743035800778 0.457216841591444 0.484491023848778 0.412082471100778 0.474373176663444 0.496544443178111
-0.000000000000000 -0.000000000000000 0.123680027815444 0.485986690734111 0.511501245710111 0.244681497494368 0.244358059673780 0.251908653314436 0.241134969877444 0.357006233268778 0.375083252420556
-0.000000000000000 -0.000000000000000 -0.000000000000000 0.555519365921826 0.488362205616778 0.075026417754111 0.296387168188778 0.166614863267444 0.237791674544778 0.194240973354778 0.345885534339207
-0.000000000000000 -0.000000000000000 -0.000000000000000 -0.000000000000000 0.004993366146111 0.557515426718111 0.604116589756535 0.581094393308778 0.545901898904778 0.593763688995444 0.588836748099444
-0.000000000000000 -0.000000000000000 -0.000000000000000 -0.000000000000000 -0.000000000000000 0.530769149011444 0.555227907379444 0.520475334475444 0.494813674629153 0.480971779280778 0.587780971480778
-0.000000000000000 -0.000000000000000 -0.000000000000000 -0.000000000000000 -0.000000000000000 -0.000000000000000 0.292955901674111 0.076170170552111 0.154888398806922 0.118929049897444 0.216412241743444
-0.000000000000000 -0.000000000000000 -0.000000000000000 -0.000000000000000 -0.000000000000000 -0.000000000000000 -0.000000000000000 0.252836468872778 0.173477400669444 0.289172704206111 0.322429615846778
-0.000000000000000 -0.000000000000000 -0.000000000000000 -0.000000000000000 -0.000000000000000 -0.000000000000000 -0.000000000000000 -0.000000000000000 0.193713086919444 0.060157592026111 0.141100314538111
-0.000000000000000 -0.000000000000000 -0.000000000000000 -0.000000000000000 -0.000000000000000 -0.000000000000000 -0.000000000000000 -0.000000000000000 -0.000000000000000 0.171429102171612 0.367827921122111
-0.000000000000000 -0.000000000000000 -0.000000000000000 -0.000000000000000 -0.000000000000000 -0.000000000000000 -0.000000000000000 -0.000000000000000 -0.000000000000000 -0.000000000000000 0.257499472485444
-0.000000000000000 -0.000000000000000 -0.000000000000000 -0.000000000000000 -0.000000000000000 -0.000000000000000 -0.000000000000000 -0.000000000000000 -0.000000000000000 -0.000000000000000 -0.000000000000000
