0.000000000000000 0.542997327978000 0.478181680782000 0.491875648560269 0.344551495264000 0.491902546618000 0.549448166188000 0.464051278398000 0.259672110792000 0.577299440224000 0.585081412526000
0.000000000000000 0.000000000000000 0.138288632984571 0.714815067064000 0.452954118432978 0.300322674203000 0.232742389953000 0.227417886300000 0.506249074487760 0.290492817782000 0.478820254823390
0.000000000000000 0.000000000000000 0.000000000000000 0.783112110792000 0.593989731744000 0.288035349860000 0.312507615863000 0.274796843697792 0.430056330922000 0.288765340923805 0.452275915452000
0.000000000000000 0.000000000000000 0.000000000000000 0.000000000000000 0.312405212824000 0.714917457744000 0.729867049544000 0.721265912544000 0.614775766784000 0.768367317800000 0.736010708444000
0.000000000000000 0.000000000000000 0.000000000000000 0.000000000000000 0.000000000000000 0.623376895060000 0.594808878994000 0.662389154520000 0.418485768238000 0.604024383338000 0.717682112246000
0.000000000000000 0.000000000000000 0.000000000000000 0.000000000000000 0.000000000000000 0.000000000000000 0.418668194936347 0.157584933663000 0.494163713522927 0.254757181491000 0.417063897582981
0.000000000000000 0.000000000000000 0.000000000000000 0.000000000000000 0.000000000000000 0.000000000000000 0.000000000000000 0.385821970848000 0.325614079459000 0.370258029879000 0.428418025517000
0.000000000000000 0.000000000000000 0.000000000000000 0.000000000000000 0.000000000000000 0.000000000000000 0.000000000000000 0.000000000000000 0.433947319254000 0.171715351314000 0.491276554539237
0.000000000000000 0.000000000000000 0.000000000000000 0.000000000000000 0.000000000000000 0.000000000000000 0.000000000000000 0.000000000000000 0.000000000000000 0.362168871724000 0.528584927383000
0.000000000000000 0.000000000000000 0.000000000000000 0.000000000000000 0.000000000000000 0.000000000000000 0.000000000000000 0.000000000000000 0.000000000000000 0.000000000000000 0.465996752208000
0.000000000000000 0.000000000000000 0.000000000000000 0.000000000000000 0.000000000000000 0.000000000000000 0.000000000000000 0.000000000000000 0.000000000000000 0.000000000000000 0.000000000000000
