-0.000000000000000 0.475349413522355 0.309001063000354 0.258984908445021 0.237326143895021 0.346848110110354 0.469242823214731 0.389160874760354 0.392175252925687 0.462063888185687 0.539285822833021
-0.000000000000000 -0.000000000000000 0.099670081874354 0.645158738536354 0.613228769743021 0.188872990875021 0.274168393263021 0.211983136811021 0.208857126606354 0.450006418328354 0.387673012161439
-0.000000000000000 -0.000000000000000 -0.000000000000000 0.725318517004354 0.530286606033687 0.230627550939021 0.318714029365687 0.147118441115687 0.331887929797021 0.256528763401687 0.459607732837687
-0.000000000000000 -0.000000000000000 -0.000000000000000 -0.000000000000000 0.120993928904354 0.523132710100354 0.646163508535021 0.695509782868354 0.607423318709687 0.759034777569688 0.619927367455021
-0.000000000000000 -0.000000000000000 -0.000000000000000 -0.000000000000000 -0.000000000000000 0.582080327479021 0.445317406588354 0.479591867776354 0.609243225570354 0.529942940644354 0.667152430911021
-0.000000000000000 -0.000000000000000 -0.000000000000000 -0.000000000000000 -0.000000000000000 -0.000000000000000 0.198697597206354 0.070866136761021 0.240228859899687 0.063162757953021 0.375652060772354
-0.000000000000000 -0.000000000000000 -0.000000000000000 -0.000000000000000 -0.000000000000000 -0.000000000000000 -0.000000000000000 0.291584727339021 0.221026231673687 0.280755336741021 0.460656170661572
-0.000000000000000 -0.000000000000000 -0.000000000000000 -0.000000000000000 -0.000000000000000 -0.000000000000000 -0.000000000000000 -0.000000000000000 0.209192046504354 -0.011973108693646 0.419862757160354
-0.000000000000000 -0.000000000000000 -0.000000000000000 -0.000000000000000 -0.000000000000000 -0.000000000000000 -0.000000000000000 -0.000000000000000 -0.000000000000000 0.327533845881687 0.497918796420402
-0.000000000000000 -0.000000000000000 -0.000000000000000 -0.000000000000000 -0.000000000000000 -0.000000000000000 -0.000000000000000 -0.000000000000000 -0.000000000000000 -0.000000000000000 0.486178815217687
-0.000000000000000 -0.000000000000000 -0.000000000000000 -0.000000000000000 -0.000000000000000 -0.000000000000000 -0.000000000000000 -0.000000000000000 -0.000000000000000 -0.000000000000000 -0.000000000000000
