0.000553977427500 0.387775885612500 0.366408656460000 0.729108081135000 0.285508288485000 0.469960602142500 0.336322759027500 0.448201571737500 0.515346171007500 0.513649634715000 0.461176364565000 0.666816260512500 0.449068214227500 0.416617677315000
0.000000000000000 0.003323792272500 0.315715299952500 0.713115895747500 0.128601634297500 0.375430374900000 0.499676940315000 0.421805194335000 0.475500280027500 0.604552899037500 0.417887856540000 0.767925249840000 0.439567702560000 0.341308507680000
0.000000000000000 0.000000000000000 0.007438970542500 0.716551379932500 0.278833136400000 0.376370490667500 0.445647839175000 0.400912710030000 0.549955651140000 0.569239121272500 0.371412646920000 0.751849976272500 0.473126122035000 0.481396070767500
0.000000000000000 0.000000000000000 0.000000000000000 0.006291447592500 0.665035575750000 0.783281887762500 0.622696774297500 0.570879679072500 0.436594625302500 0.349077445290000 0.741720254782500 0.377764940700000 0.559307360745000 0.670456549350000
0.000000000000000 0.000000000000000 0.000000000000000 0.000000000000000 0.000079136190000 0.398301167565000 0.396788157832500 0.327502929442500 0.428175826312500 0.569340475357500 0.373056216907500 0.679471279515000 0.419447687715000 0.380020322115000
0.000000000000000 0.000000000000000 0.000000000000000 0.000000000000000 0.000000000000000 0.000039568095000 0.273856906260000 0.528324891727500 0.727989812550000 0.675007000762500 0.315641706187500 0.769907630677500 0.661039125862500 0.325771307190000
0.000000000000000 0.000000000000000 0.000000000000000 0.000000000000000 0.000000000000000 0.000000000000000 0.000395680950000 0.402337257840000 0.556001762085000 0.472334784232500 0.348325651485000 0.573473003827500 0.505335346582500 0.216039437145000
0.000000000000000 0.000000000000000 0.000000000000000 0.000000000000000 0.000000000000000 0.000000000000000 0.000000000000000 0.004194314460000 0.475223303362500 0.498662435565000 0.459197911620000 0.619056509557500 0.492950219580000 0.401334609060000
0.000000000000000 0.000000000000000 0.000000000000000 0.000000000000000 0.000000000000000 0.000000000000000 0.000000000000000 0.000000000000000 0.002334565800000 0.359365366867500 0.655816040932500 0.469644057382500 0.309024171225000 0.531490315230000
0.000000000000000 0.000000000000000 0.000000000000000 0.000000000000000 0.000000000000000 0.000000000000000 0.000000000000000 0.000000000000000 0.000000000000000 0.001780588372500 0.636906106147500 0.432712783125000 0.407599934962500 0.513144647505000
0.000000000000000 0.000000000000000 0.000000000000000 0.000000000000000 0.000000000000000 0.000000000000000 0.000000000000000 0.000000000000000 0.000000000000000 0.000000000000000 0.006687152640000 0.699846872445000 0.521598146895000 0.284713022790000
0.000000000000000 0.000000000000000 0.000000000000000 0.000000000000000 0.000000000000000 0.000000000000000 0.000000000000000 0.000000000000000 0.000000000000000 0.000000000000000 0.000000000000000 0.000316544760000 0.521839531552500 0.651305181712500
0.000000000000000 0.000000000000000 0.000000000000000 0.000000000000000 0.000000000000000 0.000000000000000 0.000000000000000 0.000000000000000 0.000000000000000 0.000000000000000 0.000000000000000 0.000000000000000 0.000000000000000 0.499439483550000
0.000000000000000 0.000000000000000 0.000000000000000 0.000000000000000 0.000000000000000 0.000000000000000 0.000000000000000 0.000000000000000 0.000000000000000 0.000000000000000 0.000000000000000 0.000000000000000 0.000000000000000 0.007161993877500
