-0.125505264134709 0.190938242490291 0.091001163865291 0.702679553115291 0.222401659865291 0.379563526740291 0.380747999615291 0.538479105990291 0.280647616615291 0.280880297365291 0.504800370865291 0.585636285240291 0.292856266615291 0.445210591990291
-0.000000000000000 -0.141680133384709 0.227164277115291 0.610423053615291 0.000201294615291 0.295302971615291 0.409570288990291 0.312458164615291 0.250559090240291 0.493800596115291 0.356971653740291 0.672716769865291 0.295369288365291 0.369878992740291
-0.000000000000000 -0.000000000000000 -0.138414966259709 0.641098207115291 0.211509668490291 0.356693974115291 0.429797892740291 0.372966925490291 0.248502076990291 0.278017085365291 0.384240300365291 0.678360011865291 0.186675538115291 0.447330489240291
-0.000000000000000 -0.000000000000000 -0.000000000000000 -0.137227956134709 0.599071994115291 0.470649259490291 0.580345870240291 0.365188289115291 0.495197526365291 0.349903895115291 0.571701409740291 0.553194235615291 0.563803423115291 0.485879027990291
-0.000000000000000 -0.000000000000000 -0.000000000000000 -0.000000000000000 -0.141680133384709 0.416242858490291 0.488320708240291 0.363482535740291 0.070837264990291 0.382203659740291 0.421212186990291 0.654295389615291 0.312576519865291 0.382893940990291
-0.000000000000000 -0.000000000000000 -0.000000000000000 -0.000000000000000 -0.000000000000000 -0.139027662384709 0.138782407115291 0.280075640865291 0.577758745865291 0.514725794365291 0.112200111490291 0.513034816740291 0.542255802615291 0.087706569615291
-0.000000000000000 -0.000000000000000 -0.000000000000000 -0.000000000000000 -0.000000000000000 -0.000000000000000 -0.141560086634709 0.415307384365291 0.593993315115291 0.522378612990291 0.247060172740291 0.363578055740291 0.457623639865291 0.112485999865291
-0.000000000000000 -0.000000000000000 -0.000000000000000 -0.000000000000000 -0.000000000000000 -0.000000000000000 -0.000000000000000 -0.000000000000000 0.452681300740291 0.546526566490291 0.267515656365291 0.472042035615291 0.470812588740291 0.272884427615291
-0.000000000000000 -0.000000000000000 -0.000000000000000 -0.000000000000000 -0.000000000000000 -0.000000000000000 -0.000000000000000 -0.000000000000000 -0.140865701009709 0.335377516990291 0.627937640615291 0.599830184115291 0.215568248615291 0.560862501615291
-0.000000000000000 -0.000000000000000 -0.000000000000000 -0.000000000000000 -0.000000000000000 -0.000000000000000 -0.000000000000000 -0.000000000000000 -0.000000000000000 -0.139354420384709 0.513042925990291 0.655680081365291 0.153795688490291 0.467971341365291
-0.000000000000000 -0.000000000000000 -0.000000000000000 -0.000000000000000 -0.000000000000000 -0.000000000000000 -0.000000000000000 -0.000000000000000 -0.000000000000000 -0.000000000000000 -0.000000000000000 0.487849401615291 0.464077184990291 0.057714458740291
-0.000000000000000 -0.000000000000000 -0.000000000000000 -0.000000000000000 -0.000000000000000 -0.000000000000000 -0.000000000000000 -0.000000000000000 -0.000000000000000 -0.000000000000000 -0.000000000000000 -0.141437552384709 0.664874353990291 0.442674063365291
-0.000000000000000 -0.000000000000000 -0.000000000000000 -0.000000000000000 -0.000000000000000 -0.000000000000000 -0.000000000000000 -0.000000000000000 -0.000000000000000 -0.000000000000000 -0.000000000000000 -0.000000000000000 -0.139476954634709 0.462402525365291
-0.000000000000000 -0.000000000000000 -0.000000000000000 -0.000000000000000 -0.000000000000000 -0.000000000000000 -0.000000000000000 -0.000000000000000 -0.000000000000000 -0.000000000000000 -0.000000000000000 -0.000000000000000 -0.000000000000000 -0.141598443884709
