0.000000000000000 0.574278350000000 0.579202038888888 0.710875294444444 0.505377700000000 0.488335183333333 0.411925022222222 0.551072366666667 0.438270300000000 0.409308205555556 0.689010927777778 0.541751894444444 0.546077833333333 0.636882700000000
0.000000000000000 0.000000000000000 0.117756750000000 0.538687872222223 0.243868716666667 0.556155455555555 0.637905516666667 0.574977938888889 0.532692661111111 0.479855988888888 0.572334555555556 0.558050544444445 0.446151744444445 0.624449500000000
0.000000000000000 0.000000000000000 0.000000000000000 0.569832861111111 0.344804338888889 0.545249838888888 0.640495766666667 0.510071144444444 0.580968722222223 0.522265244444444 0.600105577777778 0.588978572222222 0.433072088888889 0.575650961111112
0.000000000000000 0.000000000000000 0.000000000000000 0.000000000000000 0.713598377777778 0.542004277777778 0.680903666666666 0.529385111111112 0.645299905555556 0.585356650000000 0.420984255555556 0.609944100000000 0.575283455555555 0.447046155555556
0.000000000000000 0.000000000000000 0.000000000000000 0.000000000000000 0.000000000000000 0.647611205555555 0.727461750000000 0.525121161111111 0.676037538888888 0.576478955555555 0.606313322222222 0.652521611111112 0.465638394444445 0.621544877777778
0.000000000000000 0.000000000000000 0.000000000000000 0.000000000000000 0.000000000000000 0.000000000000000 0.491062694444444 0.523810538888889 0.539383033333333 0.333553355555555 0.524532266666666 0.552599950000000 0.464341055555555 0.516048644444444
0.000000000000000 0.000000000000000 0.000000000000000 0.000000000000000 0.000000000000000 0.000000000000000 0.000000000000000 0.557992983333334 0.397109677777778 0.428205961111111 0.623205294444445 0.271940827777778 0.369453777777778 0.581035138888889
0.000000000000000 0.000000000000000 0.000000000000000 0.000000000000000 0.000000000000000 0.000000000000000 0.000000000000000 0.000000000000000 0.553605055555556 0.343033227777778 0.268274627777778 0.511076250000000 0.350967805555556 0.487684300000000
0.000000000000000 0.000000000000000 0.000000000000000 0.000000000000000 0.000000000000000 0.000000000000000 0.000000000000000 0.000000000000000 0.000000000000000 0.375068200000000 0.610417872222222 0.200449927777778 0.467839000000000 0.619481533333333
0.000000000000000 0.000000000000000 0.000000000000000 0.000000000000000 0.000000000000000 0.000000000000000 0.000000000000000 0.000000000000000 0.000000000000000 0.000000000000000 0.425832672222222 0.212701588888889 0.368435388888888 0.497150888888889
0.000000000000000 0.000000000000000 0.000000000000000 0.000000000000000 0.000000000000000 0.000000000000000 0.000000000000000 0.000000000000000 0.000000000000000 0.000000000000000 0.000000000000000 0.416485633333333 0.370339333333333 0.600628055555555
0.000000000000000 0.000000000000000 0.000000000000000 0.000000000000000 0.000000000000000 0.000000000000000 0.000000000000000 0.000000000000000 0.000000000000000 0.000000000000000 0.000000000000000 0.000000000000000 0.329639200000000 0.526236961111111
0.000000000000000 0.000000000000000 0.000000000000000 0.000000000000000 0.000000000000000 0.000000000000000 0.000000000000000 0.000000000000000 0.000000000000000 0.000000000000000 0.000000000000000 0.000000000000000 0.000000000000000 0.463167694444444
0.000000000000000 0.000000000000000 0.000000000000000 0.000000000000000 0.000000000000000 0.000000000000000 0.000000000000000 0.000000000000000 0.000000000000000 0.000000000000000 0.000000000000000 0.000000000000000 0.000000000000000 0.000000000000000
