-0.000000000000000 0.516183509951159 0.477650526617827 0.738010665506716 0.451635132173383 0.378559821062272 0.329580709951160 0.479392076617826 0.361065015506716 0.292665559951160 0.611937037728938 0.493724176617827 0.369617326617827 0.647615021062271
-0.000000000000000 -0.000000000000000 -0.125008251159952 0.489708143284493 -0.002909417826617 0.492975532173382 0.608920254395605 0.538116254395604 0.544406771062271 0.458804354395604 0.577550148840049 0.593122587728938 0.296056665506716 0.575481859951160
-0.000000000000000 -0.000000000000000 -0.000000000000000 0.426390587728937 0.125153193284494 0.474008815506716 0.612898221062272 0.466160737728938 0.437461643284493 0.405596671062271 0.450654915506716 0.587688571062271 0.245351865506716 0.571484859951160
-0.000000000000000 -0.000000000000000 -0.000000000000000 -0.000000000000000 0.678341165506715 0.449382854395604 0.718317509951159 0.513004943284493 0.662683076617826 0.625758409951160 0.370660987728938 0.622278482173382 0.488813576617826 0.316476259951160
-0.000000000000000 -0.000000000000000 -0.000000000000000 -0.000000000000000 -0.000000000000000 0.648804604395605 0.722812548840049 0.517246204395604 0.622614737728937 0.578133837728938 0.698123143284493 0.647183598840049 0.316939404395605 0.635766771062272
-0.000000000000000 -0.000000000000000 -0.000000000000000 -0.000000000000000 -0.000000000000000 -0.000000000000000 0.493609976617826 0.423538759951160 0.586077082173382 0.185714087728937 0.452926226617826 0.513179415506716 0.395277432173383 0.345670221062272
-0.000000000000000 -0.000000000000000 -0.000000000000000 -0.000000000000000 -0.000000000000000 -0.000000000000000 -0.000000000000000 0.515288943284494 0.332343715506716 0.374822943284494 0.487969765506716 -0.014967034493284 0.340620043284493 0.580684304395604
-0.000000000000000 -0.000000000000000 -0.000000000000000 -0.000000000000000 -0.000000000000000 -0.000000000000000 -0.000000000000000 -0.000000000000000 0.515939248840049 0.365569571062271 0.151768137728938 0.498412721062271 0.247597798840049 0.530778904395604
-0.000000000000000 -0.000000000000000 -0.000000000000000 -0.000000000000000 -0.000000000000000 -0.000000000000000 -0.000000000000000 -0.000000000000000 -0.000000000000000 0.248019704395604 0.523857115506715 0.039522226617827 0.327087343284493 0.564318809951161
-0.000000000000000 -0.000000000000000 -0.000000000000000 -0.000000000000000 -0.000000000000000 -0.000000000000000 -0.000000000000000 -0.000000000000000 -0.000000000000000 -0.000000000000000 0.320844409951160 0.071685387728938 0.344486982173383 0.553904404395604
-0.000000000000000 -0.000000000000000 -0.000000000000000 -0.000000000000000 -0.000000000000000 -0.000000000000000 -0.000000000000000 -0.000000000000000 -0.000000000000000 -0.000000000000000 -0.000000000000000 0.347027932173382 0.247004593284493 0.500817265506716
-0.000000000000000 -0.000000000000000 -0.000000000000000 -0.000000000000000 -0.000000000000000 -0.000000000000000 -0.000000000000000 -0.000000000000000 -0.000000000000000 -0.000000000000000 -0.000000000000000 -0.000000000000000 0.308710659951160 0.530864554395604
-0.000000000000000 -0.000000000000000 -0.000000000000000 -0.000000000000000 -0.000000000000000 -0.000000000000000 -0.000000000000000 -0.000000000000000 -0.000000000000000 -0.000000000000000 -0.000000000000000 -0.000000000000000 -0.000000000000000 0.434143498840049
-0.000000000000000 -0.000000000000000 -0.000000000000000 -0.000000000000000 -0.000000000000000 -0.000000000000000 -0.000000000000000 -0.000000000000000 -0.000000000000000 -0.000000000000000 -0.000000000000000 -0.000000000000000 -0.000000000000000 -0.000000000000000
