0.000000000000000 0.547270620833333 0.377235983333334 0.294068858333333 0.560272862500000 0.412965687500000 0.525369537500000 0.464388454166666 0.395106941666667 0.461815687500000 0.060993295833333 0.467803883333334 0.519764000000000 0.469338587500000
0.000000000000000 0.000000000000000 0.372061954166666 0.559071966666667 0.133258729166667 0.414866766666667 0.566546016666667 0.551410658333333 0.406753595833333 0.390262650000000 0.466061566666667 0.231508291666667 0.281945916666667 0.265275854166667
0.000000000000000 0.000000000000000 0.000000000000000 0.414712075000000 0.301205029166667 0.407132183333334 0.526627425000000 0.471561262500000 0.247897466666667 0.070474266666667 0.323981341666667 0.323545762500000 0.288959962500000 0.252420162500000
0.000000000000000 0.000000000000000 0.000000000000000 0.000000000000000 0.486053429166667 0.430010266666667 0.564473962500000 0.343863291666667 0.440313545833334 0.401856383333334 0.264237791666666 0.519104525000000 0.519214437500000 0.493995625000000
0.000000000000000 0.000000000000000 0.000000000000000 0.000000000000000 0.000000000000000 0.393576308333333 0.582707225000000 0.503146858333333 0.393095950000000 0.295436658333334 0.459910537500000 0.406700675000000 0.333075583333333 0.246586658333333
0.000000000000000 0.000000000000000 0.000000000000000 0.000000000000000 0.000000000000000 0.000000000000000 0.564319270833333 0.527930091666666 0.235212750000000 0.414003750000000 0.385259595833334 0.238481629166667 0.298872441666667 0.359316175000000
0.000000000000000 0.000000000000000 0.000000000000000 0.000000000000000 0.000000000000000 0.000000000000000 0.000000000000000 0.534797587500001 0.534443425000000 0.585389904166666 0.580215875000000 0.592839529166667 0.571280395833333 0.615925225000000
0.000000000000000 0.000000000000000 0.000000000000000 0.000000000000000 0.000000000000000 0.000000000000000 0.000000000000000 0.000000000000000 0.494919704166667 0.517150525000000 0.460342045833333 0.586208141666667 0.543065450000000 0.518888770833334
0.000000000000000 0.000000000000000 0.000000000000000 0.000000000000000 0.000000000000000 0.000000000000000 0.000000000000000 0.000000000000000 0.000000000000000 0.455770500000000 0.326102245833334 0.247620650000000 0.386664033333334 0.306928620833333
0.000000000000000 0.000000000000000 0.000000000000000 0.000000000000000 0.000000000000000 0.000000000000000 0.000000000000000 0.000000000000000 0.000000000000000 0.000000000000000 0.369029183333333 0.399560433333333 0.230852887500000 0.327628808333333
0.000000000000000 0.000000000000000 0.000000000000000 0.000000000000000 0.000000000000000 0.000000000000000 0.000000000000000 0.000000000000000 0.000000000000000 0.000000000000000 0.000000000000000 0.447775383333334 0.492200387500000 0.501685429166667
0.000000000000000 0.000000000000000 0.000000000000000 0.000000000000000 0.000000000000000 0.000000000000000 0.000000000000000 0.000000000000000 0.000000000000000 0.000000000000000 0.000000000000000 0.000000000000000 0.273547787500000 0.125202550000000
0.000000000000000 0.000000000000000 0.000000000000000 0.000000000000000 0.000000000000000 0.000000000000000 0.000000000000000 0.000000000000000 0.000000000000000 0.000000000000000 0.000000000000000 0.000000000000000 0.000000000000000 0.353983383333333
0.000000000000000 0.000000000000000 0.000000000000000 0.000000000000000 0.000000000000000 0.000000000000000 0.000000000000000 0.000000000000000 0.000000000000000 0.000000000000000 0.000000000000000 0.000000000000000 0.000000000000000 0.000000000000000
