0.000000000000000 0.253871658333333 0.178872066666667 0.604325194444445 0.287870908333333 0.367548486111111 0.430042850000000 0.434431330555555 0.362030227777778 0.370154036111111 0.486245763888889 0.594457291666667 0.352533033333333 0.475523466666667
0.000000000000000 0.000000000000000 0.251322597222222 0.550205308333333 0.095829869444444 0.332084055555556 0.440662761111111 0.390606544444445 0.250941297222222 0.506885391666667 0.418706236111111 0.602291594444444 0.379513538888889 0.466223983333333
0.000000000000000 0.000000000000000 0.000000000000000 0.602153902777778 0.255573386111111 0.304778738888889 0.434851466666666 0.373652816666666 0.297932991666666 0.391595100000000 0.394666683333333 0.632950938888889 0.294296519444444 0.445534927777778
0.000000000000000 0.000000000000000 0.000000000000000 0.000000000000000 0.553216872222222 0.474157141666667 0.537820119444445 0.332885491666667 0.561771408333333 0.441707805555556 0.373652816666666 0.460885783333333 0.521388913888889 0.456063044444444
0.000000000000000 0.000000000000000 0.000000000000000 0.000000000000000 0.000000000000000 0.378231947222222 0.409399691666667 0.387630286111111 0.118880866666667 0.464903555555556 0.434727897222222 0.595173994444445 0.389522663888889 0.426981858333333
0.000000000000000 0.000000000000000 0.000000000000000 0.000000000000000 0.000000000000000 0.000000000000000 0.192796577777778 0.307041825000000 0.510617188888889 0.474577277777778 0.183634786111111 0.487753311111111 0.486672961111111 0.167666083333333
0.000000000000000 0.000000000000000 0.000000000000000 0.000000000000000 0.000000000000000 0.000000000000000 0.000000000000000 0.356833250000000 0.538815736111111 0.550014658333333 0.283390633333333 0.219342825000000 0.541364797222223 0.174670705555555
0.000000000000000 0.000000000000000 0.000000000000000 0.000000000000000 0.000000000000000 0.000000000000000 0.000000000000000 0.000000000000000 0.458622697222223 0.490171741666667 0.321411186111111 0.426734719444445 0.439674205555555 0.388569413888889
0.000000000000000 0.000000000000000 0.000000000000000 0.000000000000000 0.000000000000000 0.000000000000000 0.000000000000000 0.000000000000000 0.000000000000000 0.414310694444444 0.500752816666667 0.579583061111111 0.337842391666667 0.481105275000000
0.000000000000000 0.000000000000000 0.000000000000000 0.000000000000000 0.000000000000000 0.000000000000000 0.000000000000000 0.000000000000000 0.000000000000000 0.000000000000000 0.477655922222222 0.618355622222222 0.169551400000000 0.453044419444445
0.000000000000000 0.000000000000000 0.000000000000000 0.000000000000000 0.000000000000000 0.000000000000000 0.000000000000000 0.000000000000000 0.000000000000000 0.000000000000000 0.000000000000000 0.500318558333333 0.387531430555555 0.135936980555556
0.000000000000000 0.000000000000000 0.000000000000000 0.000000000000000 0.000000000000000 0.000000000000000 0.000000000000000 0.000000000000000 0.000000000000000 0.000000000000000 0.000000000000000 0.000000000000000 0.616738627777778 0.414208308333333
0.000000000000000 0.000000000000000 0.000000000000000 0.000000000000000 0.000000000000000 0.000000000000000 0.000000000000000 0.000000000000000 0.000000000000000 0.000000000000000 0.000000000000000 0.000000000000000 0.000000000000000 0.370058711111111
0.000000000000000 0.000000000000000 0.000000000000000 0.000000000000000 0.000000000000000 0.000000000000000 0.000000000000000 0.000000000000000 0.000000000000000 0.000000000000000 0.000000000000000 0.000000000000000 0.000000000000000 0.000000000000000
