0.000000000000000 0.280328424672240 0.399812671215720 0.386026027383780 0.121016095887960 0.267307705467810 0.404408219159700 0.303306164392140 0.397514897243730 0.447300000000000 0.402876369859950 0.343134246588210 0.396748972616220 0.318624657523830 0.407471917803930
0.000000000000000 0.008425171215720 0.276498801355770 0.210629280840300 0.399812671215720 0.126377568504180 0.284923972616220 0.386026027383780 0.300242465747910 0.351559417803930 0.350793493131690 0.292583219159700 0.301008390420150 0.440406678084030 0.307135787663880
0.000000000000000 0.000000000000000 0.000000000000000 0.284158047943980 0.313263184952340 0.254286986308110 0.123313869859950 0.262712157523830 0.193013013691890 0.163141952056020 0.195310787663880 0.248925513691890 0.170801198644230 0.329347602756270 0.323986130140050
0.000000000000000 0.000000000000000 0.000000000000000 0.000765924672240 0.423556335607860 0.206033732896320 0.258882534252090 0.389855650700250 0.243564041075670 0.266541780840300 0.304072089019650 0.294115068504180 0.290285445187710 0.425088184952340 0.157014554812290
0.000000000000000 0.000000000000000 0.000000000000000 0.000000000000000 0.000000000000000 0.392919349299750 0.360750513691890 0.151653082196070 0.347729794532190 0.365346061635870 0.271137328784280 0.369175684952340 0.361516438364130 0.217522602756270 0.444236301355770
0.000000000000000 0.000000000000000 0.000000000000000 0.000000000000000 0.000000000000000 0.000000000000000 0.279562500000000 0.384494178084030 0.232841095887960 0.331645376728260 0.299476541075670 0.222884075327760 0.213692979439800 0.433513356168060 0.297178767103680
0.000000000000000 0.000000000000000 0.000000000000000 0.000000000000000 0.000000000000000 0.000000000000000 0.000000000000000 0.304072089019650 0.184587842476170 0.141696061635870 0.210629280840300 0.247393664392140 0.242032191775920 0.400578595887960 0.202204109579850
0.000000000000000 0.000000000000000 0.000000000000000 0.000000000000000 0.000000000000000 0.000000000000000 0.000000000000000 0.000000000000000 0.313263184952340 0.270371404112040 0.298710616448160 0.382196404112040 0.333177226028010 0.215990753411790 0.433513356168060
0.000000000000000 0.000000000000000 0.000000000000000 0.000000000000000 0.000000000000000 0.000000000000000 0.000000000000000 0.000000000000000 0.000000000000000 0.178460445187710 0.174630821915970 0.176928595887960 0.235904794532190 0.390621575327760 0.286455821915970
0.000000000000000 0.000000000000000 0.000000000000000 0.000000000000000 0.000000000000000 0.000000000000000 0.000000000000000 0.000000000000000 0.000000000000000 0.000000000000000 0.156248630140050 0.288753595887960 0.269605479439800 0.320156506868310 0.189183390420150
0.000000000000000 0.000000000000000 0.000000000000000 0.000000000000000 0.000000000000000 0.000000000000000 0.000000000000000 0.000000000000000 0.000000000000000 0.000000000000000 0.013786643831940 0.211395205467810 0.244329965747910 0.309433561635870 0.356920890420150
0.000000000000000 0.000000000000000 0.000000000000000 0.000000000000000 0.000000000000000 0.000000000000000 0.000000000000000 0.000000000000000 0.000000000000000 0.000000000000000 0.000000000000000 0.009191095887960 0.226713698644230 0.404408219159700 0.298710616448160
0.000000000000000 0.000000000000000 0.000000000000000 0.000000000000000 0.000000000000000 0.000000000000000 0.000000000000000 0.000000000000000 0.000000000000000 0.000000000000000 0.000000000000000 0.000000000000000 0.000000000000000 0.385260102756270 0.391387500000000
0.000000000000000 0.000000000000000 0.000000000000000 0.000000000000000 0.000000000000000 0.000000000000000 0.000000000000000 0.000000000000000 0.000000000000000 0.000000000000000 0.000000000000000 0.000000000000000 0.000000000000000 0.000000000000000 0.435811130140050
0.000000000000000 0.000000000000000 0.000000000000000 0.000000000000000 0.000000000000000 0.000000000000000 0.000000000000000 0.000000000000000 0.000000000000000 0.000000000000000 0.000000000000000 0.000000000000000 0.000000000000000 0.000000000000000 0.000000000000000
