0.000000000000000 0.729437454526860 0.722796545414700 0.780705272721960 0.614948181804900 0.703670727248820 0.705264545414700 0.612823090917060 0.680826000029220 0.704733272692740 0.649746545443920 0.369765818165880 0.762110727278040 0.308935090887840 0.716155636390200 0.584665636390200 0.706592727307260 0.483989454526860 0.567399272751180 0.584665636390200 0.615213818165880 0.495943090946280 0.631152000000000 0.373750363668240
0.000000000000000 0.000000000000000 0.565274181775680 0.718812000000000 0.614151272721960 0.433784181775680 0.550132909112160 0.597150545443920 0.362859272692740 0.463535454556080 0.627167454585300 0.717218181834120 0.536319818165880 0.727578000000000 0.387032181804900 0.560227090917060 0.516662727278040 0.711374181804900 0.670731818224320 0.643371272692740 0.565539818224320 0.453441272751180 0.467785636331760 0.655856181834120
0.000000000000000 0.000000000000000 0.000000000000000 0.668872363609800 0.277855636390200 0.545617090887840 0.572180727248820 0.523834909112160 0.269089636390200 0.265370727248820 0.612026181834120 0.594228545473140 0.618932727307260 0.641246181804900 0.307606909082940 0.581212363609800 0.538444909053720 0.453972545473140 0.582274909053720 0.406689272692740 0.329920363668240 0.572977636331760 0.427940181834120 0.522772363668240
0.000000000000000 0.000000000000000 0.000000000000000 0.000000000000000 0.642574363609800 0.577493454556080 0.740062909053720 0.424752545414700 0.697826727307260 0.608307272692740 0.644965090946280 0.640714909082940 0.372156545414700 0.661434545414700 0.733687636390200 0.771939272721960 0.552789272721960 0.692514000000000 0.701014363639020 0.751750909112160 0.648949636360980 0.627698727307260 0.568196181834120 0.710577272721960
0.000000000000000 0.000000000000000 0.000000000000000 0.000000000000000 0.000000000000000 0.583337454585300 0.520381636331760 0.564211636331760 0.480801818195100 0.403767272721960 0.503380909053720 0.549070363668240 0.651074727248820 0.587322000000000 0.503646545414700 0.489833454556080 0.484255090887840 0.451316181775680 0.401110909112160 0.365515636390200 0.165491454556080 0.623182909082940 0.506834181834120 0.364984363668240
0.000000000000000 0.000000000000000 0.000000000000000 0.000000000000000 0.000000000000000 0.000000000000000 0.479739272751180 0.448394181804900 0.561820909082940 0.457957090887840 0.474957818165880 0.630886363639020 0.345592909053720 0.636199090946280 0.621589090917060 0.635933454585300 0.366578181834120 0.688529454585300 0.565274181775680 0.649215272721960 0.570321272721960 0.438300000000000 0.347186727307260 0.599541272692740
0.000000000000000 0.000000000000000 0.000000000000000 0.000000000000000 0.000000000000000 0.000000000000000 0.000000000000000 0.561024000000000 0.477348545414700 0.602728909112160 0.471770181834120 0.642043090887840 0.647621454556080 0.640449272721960 0.467519999970780 0.312654000029220 0.520115999970780 0.651074727248820 0.553851818165880 0.578024727278040 0.529944545414700 0.463004181834120 0.489567818195100 0.517990909082940
0.000000000000000 0.000000000000000 0.000000000000000 0.000000000000000 0.000000000000000 0.000000000000000 0.000000000000000 0.000000000000000 0.509224909082940 0.365781272751180 0.578821636360980 0.344795999970780 0.612557454556080 0.499927636360980 0.610166727307260 0.630089454556080 0.351436909082940 0.500193272721960 0.678700909053720 0.616807636331760 0.613885636360980 0.398454545414700 0.263511272721960 0.599541272692740
0.000000000000000 0.000000000000000 0.000000000000000 0.000000000000000 0.000000000000000 0.000000000000000 0.000000000000000 0.000000000000000 0.000000000000000 0.246776181804900 0.618667090946280 0.609369818224320 0.684810545443920 0.718015090917060 0.179304545414700 0.494880545414700 0.548804727307260 0.552258000000000 0.571649454526860 0.457957090887840 0.441221999970780 0.592900363668240 0.474692181804900 0.540304363668240
0.000000000000000 0.000000000000000 0.000000000000000 0.000000000000000 0.000000000000000 0.000000000000000 0.000000000000000 0.000000000000000 0.000000000000000 0.000000000000000 0.646558909112160 0.565539818224320 0.608307272692740 0.641777454526860 0.395532545443920 0.563149090887840 0.444144000029220 0.503646545414700 0.582274909053720 0.374016000029220 0.407220545414700 0.533397818195100 0.420502363639020 0.507631090917060
0.000000000000000 0.000000000000000 0.000000000000000 0.000000000000000 0.000000000000000 0.000000000000000 0.000000000000000 0.000000000000000 0.000000000000000 0.000000000000000 0.000000000000000 0.557570727307260 0.546148363609800 0.681888545473140 0.634339636331760 0.612291818195100 0.380391272692740 0.633542727248820 0.352499454526860 0.582274909053720 0.507099818195100 0.648684000000000 0.466191818165880 0.425549454585300
0.000000000000000 0.000000000000000 0.000000000000000 0.000000000000000 0.000000000000000 0.000000000000000 0.000000000000000 0.000000000000000 0.000000000000000 0.000000000000000 0.000000000000000 0.000000000000000 0.697826727307260 0.379859999970780 0.624511090887840 0.618667090946280 0.540570000029220 0.310794545414700 0.476817272692740 0.516397090917060 0.488505272751180 0.503115272692740 0.489833454556080 0.286356000029220
0.000000000000000 0.000000000000000 0.000000000000000 0.000000000000000 0.000000000000000 0.000000000000000 0.000000000000000 0.000000000000000 0.000000000000000 0.000000000000000 0.000000000000000 0.000000000000000 0.000000000000000 0.757860545414700 0.670731818224320 0.717218181834120 0.423158727248820 0.746438181804900 0.681357272751180 0.701811272721960 0.676841454526860 0.598744363609800 0.436174909112160 0.701811272721960
0.000000000000000 0.000000000000000 0.000000000000000 0.000000000000000 0.000000000000000 0.000000000000000 0.000000000000000 0.000000000000000 0.000000000000000 0.000000000000000 0.000000000000000 0.000000000000000 0.000000000000000 0.000000000000000 0.727046727278040 0.596353636360980 0.663559636390200 0.473098363639020 0.585196909112160 0.596088000000000 0.607775999970780 0.579352909082940 0.575102727307260 0.401642181834120
0.000000000000000 0.000000000000000 0.000000000000000 0.000000000000000 0.000000000000000 0.000000000000000 0.000000000000000 0.000000000000000 0.000000000000000 0.000000000000000 0.000000000000000 0.000000000000000 0.000000000000000 0.000000000000000 0.000000000000000 0.464863636360980 0.553054909082940 0.486911454585300 0.536585454526860 0.351171272721960 0.468582545414700 0.525694363639020 0.535257272721960 0.531804000029220
0.000000000000000 0.000000000000000 0.000000000000000 0.000000000000000 0.000000000000000 0.000000000000000 0.000000000000000 0.000000000000000 0.000000000000000 0.000000000000000 0.000000000000000 0.000000000000000 0.000000000000000 0.000000000000000 0.000000000000000 0.000000000000000 0.609104181775680 0.573243272692740 0.456097636360980 0.448394181804900 0.475754727248820 0.440425090887840 0.575634000029220 0.398454545414700
0.000000000000000 0.000000000000000 0.000000000000000 0.000000000000000 0.000000000000000 0.000000000000000 0.000000000000000 0.000000000000000 0.000000000000000 0.000000000000000 0.000000000000000 0.000000000000000 0.000000000000000 0.000000000000000 0.000000000000000 0.000000000000000 0.000000000000000 0.663559636390200 0.531007090946280 0.551726727278040 0.535522909082940 0.457957090887840 0.119270727307260 0.522241090946280
0.000000000000000 0.000000000000000 0.000000000000000 0.000000000000000 0.000000000000000 0.000000000000000 0.000000000000000 0.000000000000000 0.000000000000000 0.000000000000000 0.000000000000000 0.000000000000000 0.000000000000000 0.000000000000000 0.000000000000000 0.000000000000000 0.000000000000000 0.000000000000000 0.600072545414700 0.240666545414700 0.429268363639020 0.599009999970780 0.639918000000000 0.492755454526860
0.000000000000000 0.000000000000000 0.000000000000000 0.000000000000000 0.000000000000000 0.000000000000000 0.000000000000000 0.000000000000000 0.000000000000000 0.000000000000000 0.000000000000000 0.000000000000000 0.000000000000000 0.000000000000000 0.000000000000000 0.000000000000000 0.000000000000000 0.000000000000000 0.000000000000000 0.485051999970780 0.404032909082940 0.615745090887840 0.532335272751180 0.282105818165880
0.000000000000000 0.000000000000000 0.000000000000000 0.000000000000000 0.000000000000000 0.000000000000000 0.000000000000000 0.000000000000000 0.000000000000000 0.000000000000000 0.000000000000000 0.000000000000000 0.000000000000000 0.000000000000000 0.000000000000000 0.000000000000000 0.000000000000000 0.000000000000000 0.000000000000000 0.000000000000000 0.379594363609800 0.597150545443920 0.549601636390200 0.337623818224320
0.000000000000000 0.000000000000000 0.000000000000000 0.000000000000000 0.000000000000000 0.000000000000000 0.000000000000000 0.000000000000000 0.000000000000000 0.000000000000000 0.000000000000000 0.000000000000000 0.000000000000000 0.000000000000000 0.000000000000000 0.000000000000000 0.000000000000000 0.000000000000000 0.000000000000000 0.000000000000000 0.000000000000000 0.596353636360980 0.545351454526860 0.376141090917060
0.000000000000000 0.000000000000000 0.000000000000000 0.000000000000000 0.000000000000000 0.000000000000000 0.000000000000000 0.000000000000000 0.000000000000000 0.000000000000000 0.000000000000000 0.000000000000000 0.000000000000000 0.000000000000000 0.000000000000000 0.000000000000000 0.000000000000000 0.000000000000000 0.000000000000000 0.000000000000000 0.000000000000000 0.000000000000000 0.403501636360980 0.517194000000000
0.000000000000000 0.000000000000000 0.000000000000000 0.000000000000000 0.000000000000000 0.000000000000000 0.000000000000000 0.000000000000000 0.000000000000000 0.000000000000000 0.000000000000000 0.000000000000000 0.000000000000000 0.000000000000000 0.000000000000000 0.000000000000000 0.000000000000000 0.000000000000000 0.000000000000000 0.000000000000000 0.000000000000000 0.000000000000000 0.000000000000000 0.448128545443920
0.000000000000000 0.000000000000000 0.000000000000000 0.000000000000000 0.000000000000000 0.000000000000000 0.000000000000000 0.000000000000000 0.000000000000000 0.000000000000000 0.000000000000000 0.000000000000000 0.000000000000000 0.000000000000000 0.000000000000000 0.000000000000000 0.000000000000000 0.000000000000000 0.000000000000000 0.000000000000000 0.000000000000000 0.000000000000000 0.000000000000000 0.000000000000000
