0.000000000000000 0.643376625300000 0.601951139100000 0.676090022400000 0.466799142600000 0.621133338600000 0.612052639200000 0.616908564900000 0.676775085300000 0.662457139200000 0.510511678200000 0.259088947920000 0.725677969500000 0.202687539660000 0.668318525100000 0.469764680400000 0.612306414900000 0.414304828200000 0.411673713300000 0.463652586900000 0.531674993700000 0.425648908800000 0.576786144600000 0.297441775800000
0.000000000000000 0.000000000000000 0.433760526900000 0.535650374700000 0.541557782100000 0.325788959790000 0.417554778870000 0.396005803200000 0.234839781270000 0.388451264400000 0.598633208100000 0.561215931570000 0.483251916510000 0.596046361500000 0.317360801430000 0.464327568900000 0.477304317000000 0.626964481800000 0.590212150200000 0.554029170300000 0.497310958800000 0.306455415300000 0.356692484700000 0.596819961000000
0.000000000000000 0.000000000000000 0.000000000000000 0.575756577900000 0.232721389710000 0.479705762700000 0.494749095300000 0.413363798100000 0.230896571490000 0.287928912600000 0.528236968500000 0.500903265600000 0.491583254400000 0.508524426000000 0.234045494010000 0.473966224200000 0.442994193000000 0.336770741610000 0.451533591900000 0.306440951400000 0.246858011100000 0.460585801800000 0.349695901800000 0.415426437900000
0.000000000000000 0.000000000000000 0.000000000000000 0.000000000000000 0.605732791500000 0.441435159900000 0.715463388000000 0.364020422400000 0.622639775700000 0.531157361400000 0.523709767800000 0.538349864400000 0.349379010900000 0.578437659000000 0.642894057000000 0.724700122200000 0.423858847770000 0.606753592200000 0.569186022600000 0.680036037300000 0.591798796200000 0.577587795300000 0.398426972400000 0.615228999300000
0.000000000000000 0.000000000000000 0.000000000000000 0.000000000000000 0.000000000000000 0.453615516900000 0.410027020200000 0.486142636500000 0.385525173600000 0.380121372900000 0.451665520200000 0.372678162300000 0.601774504200000 0.403451205300000 0.372009316500000 0.409646575800000 0.406121328900000 0.367270855200000 0.262007368470000 0.273315946770000 0.093173038209000 0.548178741900000 0.362663840070000 0.256041272700000
0.000000000000000 0.000000000000000 0.000000000000000 0.000000000000000 0.000000000000000 0.000000000000000 0.503599687200000 0.309987675000000 0.497149664400000 0.360190118700000 0.408346534170000 0.531654393600000 0.313016766300000 0.520583812200000 0.530996943600000 0.544432591800000 0.263971434600000 0.613398220200000 0.405676454400000 0.543320186400000 0.493999602300000 0.411083761500000 0.164046003570000 0.481416885900000
0.000000000000000 0.000000000000000 0.000000000000000 0.000000000000000 0.000000000000000 0.000000000000000 0.000000000000000 0.464917082400000 0.429057129600000 0.490908710700000 0.467433362700000 0.578996491500000 0.628379752500000 0.517215476700000 0.391665318300000 0.244342256760000 0.473822461800000 0.483539134500000 0.477519522300000 0.506547693000000 0.455425257600000 0.333348626700000 0.414524416500000 0.457603608600000
0.000000000000000 0.000000000000000 0.000000000000000 0.000000000000000 0.000000000000000 0.000000000000000 0.000000000000000 0.000000000000000 0.439802930700000 0.266482017000000 0.499027779900000 0.362993485500000 0.473933351700000 0.363622884300000 0.446255583300000 0.569291214600000 0.237979762470000 0.410697487710000 0.577721038500000 0.460364460300000 0.456979469400000 0.316672188300000 0.128928092670000 0.484598943900000
0.000000000000000 0.000000000000000 0.000000000000000 0.000000000000000 0.000000000000000 0.000000000000000 0.000000000000000 0.000000000000000 0.000000000000000 0.209692362600000 0.573134667300000 0.583862936400000 0.587899241100000 0.639539747100000 0.131079225240000 0.414484969500000 0.453828969000000 0.450507531600000 0.515146262400000 0.353033556300000 0.332736321600000 0.465261147900000 0.352178871300000 0.450451429200000
0.000000000000000 0.000000000000000 0.000000000000000 0.000000000000000 0.000000000000000 0.000000000000000 0.000000000000000 0.000000000000000 0.000000000000000 0.000000000000000 0.492486108570000 0.465993547200000 0.555320840400000 0.558866687400000 0.265413748410000 0.454075293600000 0.367101233100000 0.408339565200000 0.506639297700000 0.306847255500000 0.418688266500000 0.462419210700000 0.323904576600000 0.416967939000000
0.000000000000000 0.000000000000000 0.000000000000000 0.000000000000000 0.000000000000000 0.000000000000000 0.000000000000000 0.000000000000000 0.000000000000000 0.000000000000000 0.000000000000000 0.377538032700000 0.430487258670000 0.491956686000000 0.531123612300000 0.541392981300000 0.297372349080000 0.501309569700000 0.188929346490000 0.461336171400000 0.483197698800000 0.555043396500000 0.356787595800000 0.331665554700000
0.000000000000000 0.000000000000000 0.000000000000000 0.000000000000000 0.000000000000000 0.000000000000000 0.000000000000000 0.000000000000000 0.000000000000000 0.000000000000000 0.000000000000000 0.000000000000000 0.625833229500000 0.285609998790000 0.561728348100000 0.498303270000000 0.401086576800000 0.234925337430000 0.286924460490000 0.366416170200000 0.340151042700000 0.469444721400000 0.387255582000000 0.140325908850000
0.000000000000000 0.000000000000000 0.000000000000000 0.000000000000000 0.000000000000000 0.000000000000000 0.000000000000000 0.000000000000000 0.000000000000000 0.000000000000000 0.000000000000000 0.000000000000000 0.000000000000000 0.642363275700000 0.610826714100000 0.654516896400000 0.370687842000000 0.693792082800000 0.593535340800000 0.666862054200000 0.653309818200000 0.601717086900000 0.428676641370000 0.618552189900000
0.000000000000000 0.000000000000000 0.000000000000000 0.000000000000000 0.000000000000000 0.000000000000000 0.000000000000000 0.000000000000000 0.000000000000000 0.000000000000000 0.000000000000000 0.000000000000000 0.000000000000000 0.000000000000000 0.615808431900000 0.446902075800000 0.552611708100000 0.312188817600000 0.454962851100000 0.423155858400000 0.447323720400000 0.515541609000000 0.468316537200000 0.285268869900000
0.000000000000000 0.000000000000000 0.000000000000000 0.000000000000000 0.000000000000000 0.000000000000000 0.000000000000000 0.000000000000000 0.000000000000000 0.000000000000000 0.000000000000000 0.000000000000000 0.000000000000000 0.000000000000000 0.000000000000000 0.368517818700000 0.453047918400000 0.429200015400000 0.494603141400000 0.274772461500000 0.332698627800000 0.431046573300000 0.422110074600000 0.423377638200000
0.000000000000000 0.000000000000000 0.000000000000000 0.000000000000000 0.000000000000000 0.000000000000000 0.000000000000000 0.000000000000000 0.000000000000000 0.000000000000000 0.000000000000000 0.000000000000000 0.000000000000000 0.000000000000000 0.000000000000000 0.000000000000000 0.481127607900000 0.464957406000000 0.384824331900000 0.430991347500000 0.367185386700000 0.250788247200000 0.470815285500000 0.372070678500000
0.000000000000000 0.000000000000000 0.000000000000000 0.000000000000000 0.000000000000000 0.000000000000000 0.000000000000000 0.000000000000000 0.000000000000000 0.000000000000000 0.000000000000000 0.000000000000000 0.000000000000000 0.000000000000000 0.000000000000000 0.000000000000000 0.000000000000000 0.585313709400000 0.392304798000000 0.402803836200000 0.389002645800000 0.427753625400000 0.128939882940000 0.372078129600000
0.000000000000000 0.000000000000000 0.000000000000000 0.000000000000000 0.000000000000000 0.000000000000000 0.000000000000000 0.000000000000000 0.000000000000000 0.000000000000000 0.000000000000000 0.000000000000000 0.000000000000000 0.000000000000000 0.000000000000000 0.000000000000000 0.000000000000000 0.000000000000000 0.449244789300000 0.166997954070000 0.326640006900000 0.502633235700000 0.518666688000000 0.361885024800000
0.000000000000000 0.000000000000000 0.000000000000000 0.000000000000000 0.000000000000000 0.000000000000000 0.000000000000000 0.000000000000000 0.000000000000000 0.000000000000000 0.000000000000000 0.000000000000000 0.000000000000000 0.000000000000000 0.000000000000000 0.000000000000000 0.000000000000000 0.000000000000000 0.000000000000000 0.329491586700000 0.298621679400000 0.469945260000000 0.411328332900000 0.195455808810000
0.000000000000000 0.000000000000000 0.000000000000000 0.000000000000000 0.000000000000000 0.000000000000000 0.000000000000000 0.000000000000000 0.000000000000000 0.000000000000000 0.000000000000000 0.000000000000000 0.000000000000000 0.000000000000000 0.000000000000000 0.000000000000000 0.000000000000000 0.000000000000000 0.000000000000000 0.000000000000000 0.357540156900000 0.483363814500000 0.431708406300000 0.276766726500000
0.000000000000000 0.000000000000000 0.000000000000000 0.000000000000000 0.000000000000000 0.000000000000000 0.000000000000000 0.000000000000000 0.000000000000000 0.000000000000000 0.000000000000000 0.000000000000000 0.000000000000000 0.000000000000000 0.000000000000000 0.000000000000000 0.000000000000000 0.000000000000000 0.000000000000000 0.000000000000000 0.000000000000000 0.500680170900000 0.471937771800000 0.267382285200000
0.000000000000000 0.000000000000000 0.000000000000000 0.000000000000000 0.000000000000000 0.000000000000000 0.000000000000000 0.000000000000000 0.000000000000000 0.000000000000000 0.000000000000000 0.000000000000000 0.000000000000000 0.000000000000000 0.000000000000000 0.000000000000000 0.000000000000000 0.000000000000000 0.000000000000000 0.000000000000000 0.000000000000000 0.000000000000000 0.362142745200000 0.480511796400000
0.000000000000000 0.000000000000000 0.000000000000000 0.000000000000000 0.000000000000000 0.000000000000000 0.000000000000000 0.000000000000000 0.000000000000000 0.000000000000000 0.000000000000000 0.000000000000000 0.000000000000000 0.000000000000000 0.000000000000000 0.000000000000000 0.000000000000000 0.000000000000000 0.000000000000000 0.000000000000000 0.000000000000000 0.000000000000000 0.000000000000000 0.323713433970000
0.000000000000000 0.000000000000000 0.000000000000000 0.000000000000000 0.000000000000000 0.000000000000000 0.000000000000000 0.000000000000000 0.000000000000000 0.000000000000000 0.000000000000000 0.000000000000000 0.000000000000000 0.000000000000000 0.000000000000000 0.000000000000000 0.000000000000000 0.000000000000000 0.000000000000000 0.000000000000000 0.000000000000000 0.000000000000000 0.000000000000000 0.000000000000000
